-4.941701309181304597e-02
-1.802840287178725909e+00
-1.537346901770337171e+00
-1.535700740461352520e+00
-1.508809087648627756e+00
-1.512840983131317874e+00
-1.529442293468002090e+00
-1.534123193562291876e+00
-1.486082103490497186e+00
-1.494752721325735001e+00
-1.463281552793838092e+00
-1.471981348437864545e+00
-1.479969913307915608e+00
-1.406281400819632044e+00
-1.467068394581512392e+00
-1.503396462434329672e+00
-1.462970555483841917e+00
-1.537435323825356415e+00
-1.518835860436413610e+00
-1.499101965558961469e+00
-1.468715724906942022e+00
-1.469767297610375945e+00
-1.491183643894097965e+00
-1.491465291556618666e+00
-1.487086117318366041e+00
-1.476979499673337415e+00
-1.485561505107959590e+00
-1.490305994521802013e+00
-1.485145308540918085e+00
-1.520536856694216787e+00
-1.546842656851367126e+00
-1.523728649329175733e+00
-1.489329124971426888e+00
-1.517802266203098771e+00
-1.509869891679422427e+00
-1.495307074179290208e+00
-1.536696930102052994e+00
-1.502233062229706428e+00
-1.525683538189492428e+00
-1.534729561952807408e+00
-1.533413480154946384e+00
-1.523280987104175255e+00
-1.509690892356455816e+00
-1.536204893396982518e+00
-1.506794835096369356e+00
-1.516948333575556696e+00
-1.515962113704573788e+00
-1.493853000570163569e+00
-1.533493459173478346e+00
-1.514037824424611989e+00
-1.502084038158844503e+00
-1.496146897591348335e+00
-1.498594773777306655e+00
-1.515573570643865109e+00
-1.536207052157443353e+00
-1.546030633313147939e+00
-1.531503852058542670e+00
-1.542762884481497565e+00
-1.538716064411079332e+00
-1.546174544217370883e+00
-1.544198453311112162e+00
-1.518377893581963844e+00
-1.522224998445478317e+00
-1.549180322494114970e+00
-1.511391590016641917e+00
-1.523949368167912599e+00
-1.501374437763974612e+00
-1.512447011851520751e+00
-1.506944395759065802e+00
-1.540297873572276099e+00
-1.540446218833221304e+00
-1.519090221233926341e+00
-1.541877894575918395e+00
-1.525506273807263113e+00
-1.518107902157064482e+00
-1.542881339323229462e+00
-1.501593800504318565e+00
-1.529932775100326880e+00
-1.542077251746371891e+00
-1.536902067358671742e+00
-1.544201237972822938e+00
-1.547206948773356627e+00
-1.531547847881324254e+00
-1.522852768191150785e+00
-1.509594108280219782e+00
-1.534456157717964064e+00
-1.520074515849132668e+00
-1.535814145438246126e+00
-1.546779405273146724e+00
-1.541049742759432961e+00
-1.528014553773464401e+00
-1.528943649260692705e+00
-1.525607439929652642e+00
-1.536328225445295903e+00
-1.521638636334932793e+00
-1.537086994000901097e+00
-1.532601471802039317e+00
-1.547914975488854594e+00
-1.535464904422681354e+00
-1.549072712348042780e+00
-1.535650783897388738e+00
-1.545397709405533782e+00
-1.536138805867025336e+00
-1.524304072369990992e+00
-1.534202195160328186e+00
-1.524645709637014734e+00
-1.552669701077819431e+00
-1.514122712816172722e+00
-1.531974475322692042e+00
-1.536667347499717895e+00
-1.548320601952897002e+00
-1.558592901804807473e+00
-1.549929993128070116e+00
-1.537738158150714352e+00
-1.545531092907285853e+00
-1.551580210358610046e+00
-1.561995259424417748e+00
-1.547160344296014900e+00
-1.539714735741540386e+00
-1.541189740155155974e+00
-1.539974384399436902e+00
-1.546311605123816380e+00
-1.558856138695564608e+00
-1.561233987102628840e+00
-1.559561017708227970e+00
-1.564455301761809247e+00
-1.556296840730200692e+00
-1.571681091998292645e+00
-1.563902606263347650e+00
-1.577522683897924161e+00
-1.572212290885966146e+00
-1.570854373619164912e+00
-1.554609200243158629e+00
-1.559407000541615629e+00
-1.589478675364915494e+00
-1.550446155856866515e+00
-1.563165237218581805e+00
-1.568358241351008431e+00
-1.564435530739916924e+00
-1.565936617601494829e+00
-1.584628950962378324e+00
-1.561774562245695996e+00
-1.570188120962092926e+00
-1.561562116353373719e+00
-1.573492991697628129e+00
-1.575535981827380638e+00
-1.593530283161405547e+00
-1.577753254302875829e+00
-1.551263073463125197e+00
-1.578543455657585692e+00
-1.575798866105015961e+00
-1.572067545446511838e+00
-1.571766472387256863e+00
-1.559279990144267325e+00
-1.586736599882838439e+00
-1.627062414287592462e+00
-1.579103897815254065e+00
-1.566146544318635758e+00
-1.577250935967917655e+00
-1.544869770750197713e+00
-1.589556569439745326e+00
-1.578267821781044633e+00
-1.586058178841250443e+00
-1.569878133569043044e+00
-1.569360842760530117e+00
-1.573377650112161685e+00
-1.573409022701697912e+00
-1.574230306073212349e+00
-1.600988386628350746e+00
-1.585063481652630779e+00
-1.593945825703755315e+00
-1.596309120700301731e+00
-1.576863082415520978e+00
-1.567479617069498010e+00
-1.592274078825153483e+00
-1.592228055491721417e+00
-1.568296401005842444e+00
-1.575537015939807883e+00
-1.579202733573617845e+00
-1.587121302207239681e+00
-1.614650709156680630e+00
-1.601005430416175379e+00
-1.598790726752189695e+00
-1.614327870437919810e+00
-1.594927195583938140e+00
-1.592051560203896043e+00
-1.608691338229761625e+00
-1.590244032932134344e+00
-1.580253800822559063e+00
-1.626690642275511189e+00
-1.596570636081086736e+00
-1.603586546444865979e+00
-1.585081399579978623e+00
-1.601889458046265036e+00
-1.591265404875750633e+00
-1.587342654264406905e+00
-1.576360778212129832e+00
-1.577891731331239056e+00
-1.614012457356314378e+00
-1.595053195988367367e+00
-1.607354722191790763e+00
-1.580322928070552413e+00
-1.582805278916724179e+00
-1.590432264699608966e+00
-1.600256534095768401e+00
-1.599574592371317161e+00
-1.626795976795405219e+00
-1.627902945600899542e+00
-1.620735799119611409e+00
-1.593089118070298404e+00
-1.605320025458450761e+00
-1.615411476794340384e+00
-1.596773960027888295e+00
-1.605223828958106225e+00
-1.603669928947162981e+00
-1.604845854790933224e+00
-1.606590388401633485e+00
-1.632666252553778286e+00
-1.633619230773434960e+00
-1.631606186360090360e+00
-1.624345225252936009e+00
-1.603897093179895927e+00
-1.630715320678505442e+00
-1.635843163424554048e+00
-1.636111727567523877e+00
-1.647958591418649643e+00
-1.636027397934148864e+00
-1.610122432893828170e+00
-1.635238401199122782e+00
-1.612597401942301056e+00
-1.630530238211055138e+00
-1.608320162791436303e+00
-1.612880571790550999e+00
-1.611701241524087669e+00
-1.617863802217653912e+00
-1.633033048977622581e+00
-1.610925282071435483e+00
-1.604041627577791562e+00
-1.607787605491093119e+00
-1.600092866190107044e+00
-1.608508379086007078e+00
-1.621587911045338837e+00
-1.612736166214608691e+00
-1.616704934261035342e+00
-1.628688229658887376e+00
-1.601907151140802510e+00
-1.611493184963100012e+00
-1.601827342294953826e+00
-1.611747834546099156e+00
-1.609499966814367244e+00
-1.629049309945630464e+00
-1.586828647791510782e+00
-1.602273426057481132e+00
-1.616496068553322729e+00
-1.611698093680586252e+00
-1.597641082555768755e+00
-1.617556634541793104e+00
-1.617984716815585866e+00
-1.622940390186713211e+00
-1.616921360154360165e+00
-1.642499312403027600e+00
-1.612687330978080924e+00
-1.590838934342702071e+00
-1.614883110951855105e+00
-1.613884805306334380e+00
-1.614493612528681954e+00
-1.626557531634805764e+00
-1.604917493646553339e+00
-1.631351642475499908e+00
-1.629687910185044109e+00
-1.640816097135878726e+00
-1.626766244705501130e+00
-1.645099996756251182e+00
-1.638250596885530541e+00
-1.649975553859853727e+00
-1.655369589932583319e+00
-1.643661707910606395e+00
-1.663218273359104327e+00
-1.697638794818788099e+00
-1.662259067969305670e+00
-1.644272849607817832e+00
-1.639298381583215169e+00
-1.651461661806516990e+00
-1.637902790304222256e+00
-1.635940702835591676e+00
-1.641799963484098734e+00
-1.645459209167883685e+00
-1.623637414491579056e+00
-1.628052708900461498e+00
-1.633067187406656906e+00
-1.635096085541492217e+00
-1.686888960179433017e+00
-1.651532370130333272e+00
-1.632828432965484522e+00
-1.653646808587415640e+00
-1.642266281220248203e+00
-1.647744345231577645e+00
-1.650852557602597415e+00
-1.649383679258433988e+00
-1.639938818573029256e+00
-1.643605710769510786e+00
-1.658328738049995810e+00
-1.652312134208815397e+00
-1.656218841513966922e+00
-1.653196135035960523e+00
-1.653541537541181050e+00
-1.685316320846401261e+00
-1.678554768343155645e+00
-1.646806518152944543e+00
-1.642064242221776382e+00
-1.660407970317438586e+00
-1.664522353094710416e+00
-1.650028440016416909e+00
-1.651573224256040362e+00
-1.659453605887653671e+00
-1.674615473303232571e+00
-1.665902670627225968e+00
-1.674813562078118379e+00
-1.676430692843444037e+00
-1.677056654578511496e+00
-1.683122582885830942e+00
-1.676542043252969183e+00
-1.676689891648921016e+00
-1.695578899378363147e+00
-1.690804889328188620e+00
-1.666177776854914416e+00
-1.674042857597402012e+00
-1.687646701388148873e+00
-1.688610963992040803e+00
-1.663637244683983551e+00
-1.693429527944374291e+00
-1.693594962175653640e+00
-1.689830640172602427e+00
-1.686453904931604297e+00
-1.687372367216031677e+00
-1.684236252350724827e+00
-1.700656011205158302e+00
-1.689744237510667935e+00
-1.695531415891331495e+00
-1.683564091958705156e+00
-1.684154175499710027e+00
-1.674420524131599697e+00
-1.681623368577651823e+00
-1.686340703033088584e+00
-1.697192286854115828e+00
-1.679642082889997390e+00
-1.688836685161244189e+00
-1.684371253991061579e+00
-1.676876566017525994e+00
-1.704921066968688281e+00
-1.669234502431884426e+00
-1.672198856604358852e+00
-1.668190557161033594e+00
-1.689862496529248137e+00
-1.684710916890857835e+00
-1.677596848451977429e+00
-1.685061852899612855e+00
-1.687456173226197231e+00
-1.675227830031493337e+00
-1.692374372304633390e+00
-1.674028895023016661e+00
-1.680743752209094444e+00
-1.664020875599976579e+00
-1.673734704934622286e+00
-1.673592023688167174e+00
-1.680760023524989100e+00
-1.664495883858309710e+00
-1.674973851795388935e+00
-1.682173126046537126e+00
-1.663394567332363794e+00
-1.660393726692480643e+00
-1.662573890268614907e+00
-1.662942445943603964e+00
-1.665632786886464434e+00
-1.663432915669686318e+00
-1.675103512345461620e+00
-1.667618387688569070e+00
-1.681486907634020866e+00
-1.662021999470639999e+00
-1.669485398358288908e+00
-1.662533698535492821e+00
-1.676454274687615209e+00
-1.669642735847878257e+00
-1.689032307094075369e+00
-1.669003275602491732e+00
-1.674890718235356735e+00
-1.667873598224217435e+00
-1.694488019219430486e+00
-1.664056449546611471e+00
-1.650721591177574776e+00
-1.681105299558680155e+00
0.000000000000000000e+00
0.000000000000000000e+00
0.000000000000000000e+00
0.000000000000000000e+00
0.000000000000000000e+00
0.000000000000000000e+00
0.000000000000000000e+00
0.000000000000000000e+00
0.000000000000000000e+00
0.000000000000000000e+00
0.000000000000000000e+00
0.000000000000000000e+00
0.000000000000000000e+00
0.000000000000000000e+00
0.000000000000000000e+00
0.000000000000000000e+00
0.000000000000000000e+00
0.000000000000000000e+00
0.000000000000000000e+00
0.000000000000000000e+00
0.000000000000000000e+00
0.000000000000000000e+00
0.000000000000000000e+00
0.000000000000000000e+00
0.000000000000000000e+00
0.000000000000000000e+00
0.000000000000000000e+00
0.000000000000000000e+00
0.000000000000000000e+00
0.000000000000000000e+00
0.000000000000000000e+00
0.000000000000000000e+00
0.000000000000000000e+00
0.000000000000000000e+00
0.000000000000000000e+00
0.000000000000000000e+00
0.000000000000000000e+00
0.000000000000000000e+00
0.000000000000000000e+00
0.000000000000000000e+00
0.000000000000000000e+00
0.000000000000000000e+00
0.000000000000000000e+00
0.000000000000000000e+00
0.000000000000000000e+00
0.000000000000000000e+00
0.000000000000000000e+00
0.000000000000000000e+00
0.000000000000000000e+00
0.000000000000000000e+00
0.000000000000000000e+00
0.000000000000000000e+00
0.000000000000000000e+00
0.000000000000000000e+00
0.000000000000000000e+00
0.000000000000000000e+00
0.000000000000000000e+00
0.000000000000000000e+00
0.000000000000000000e+00
0.000000000000000000e+00
0.000000000000000000e+00
0.000000000000000000e+00
0.000000000000000000e+00
0.000000000000000000e+00
0.000000000000000000e+00
0.000000000000000000e+00
0.000000000000000000e+00
0.000000000000000000e+00
0.000000000000000000e+00
0.000000000000000000e+00
0.000000000000000000e+00
0.000000000000000000e+00
0.000000000000000000e+00
0.000000000000000000e+00
0.000000000000000000e+00
0.000000000000000000e+00
0.000000000000000000e+00
0.000000000000000000e+00
0.000000000000000000e+00
0.000000000000000000e+00
0.000000000000000000e+00
0.000000000000000000e+00
0.000000000000000000e+00
0.000000000000000000e+00
0.000000000000000000e+00
0.000000000000000000e+00
0.000000000000000000e+00
0.000000000000000000e+00
0.000000000000000000e+00
0.000000000000000000e+00
0.000000000000000000e+00
0.000000000000000000e+00
0.000000000000000000e+00
0.000000000000000000e+00
0.000000000000000000e+00
0.000000000000000000e+00
0.000000000000000000e+00
0.000000000000000000e+00
0.000000000000000000e+00
0.000000000000000000e+00
0.000000000000000000e+00
0.000000000000000000e+00
0.000000000000000000e+00
0.000000000000000000e+00
0.000000000000000000e+00
0.000000000000000000e+00
0.000000000000000000e+00
0.000000000000000000e+00
0.000000000000000000e+00
