-2.283484663623600863e-01
4.096051899956233200e+00
4.120704991220884850e+00
3.780813349401471957e+00
3.907250151491086232e+00
3.783902382850785617e+00
3.894479325297604877e+00
3.770860397553615240e+00
3.965103308845979058e+00
3.853261682246628794e+00
3.952602713525513511e+00
4.050703151612958131e+00
3.991427744207860062e+00
4.137199142529195406e+00
4.056014690393548783e+00
4.126689080812299792e+00
3.845437349382820447e+00
4.107220385984993172e+00
4.097903574533595439e+00
4.200569245372220095e+00
4.262003842285785105e+00
4.351291147895436140e+00
4.381639217398194397e+00
4.358447767280155816e+00
4.396012953460570749e+00
4.342781460756413026e+00
4.401732436924162606e+00
4.504124751813511018e+00
4.444771558909030418e+00
4.211294789193175347e+00
4.397513895201791811e+00
4.515297471467669688e+00
4.490813039841027532e+00
4.597842631986471140e+00
4.580096943547440347e+00
4.558987916866478862e+00
4.356515416337499502e+00
4.426988605765743046e+00
4.446484364037609716e+00
4.461907500780446512e+00
4.652695056491534586e+00
4.580409328393439061e+00
4.539755552123907911e+00
4.509348024360884111e+00
4.566252663834647230e+00
4.560018660942009028e+00
4.633344984828998037e+00
4.663712804919138755e+00
4.763823041309330542e+00
4.900823865270371726e+00
4.832938454189624977e+00
4.728743867459818340e+00
4.564726852354146658e+00
4.615162616044142574e+00
4.690958795984454532e+00
4.681298473784483605e+00
4.619854116895272256e+00
4.559269774484812743e+00
4.514504334495889282e+00
4.625884390130797108e+00
4.504870298725101030e+00
4.595053903429511699e+00
4.755391678838211789e+00
4.629837421632837291e+00
4.595328297758483949e+00
4.530133293874837541e+00
4.703721804908660431e+00
4.621895717782001256e+00
4.730811471337729834e+00
4.812210335270408201e+00
4.833832264484859031e+00
4.722313094029879643e+00
4.812727938223164692e+00
4.761842077946321972e+00
4.809781112240482770e+00
4.805610899978728590e+00
4.858952954708358973e+00
4.764738959934605056e+00
4.709183983542054364e+00
4.672942061858556428e+00
4.806276882796097993e+00
4.735779948520404403e+00
4.839590557357376532e+00
4.834995277297888805e+00
4.794503325787025538e+00
4.838965892787681966e+00
4.863857709007150198e+00
4.782164064707093765e+00
4.739811630628374850e+00
4.869144100395001118e+00
4.916280358803890138e+00
5.002217939944174852e+00
5.007380687831026300e+00
4.886115915139139787e+00
5.004836355096378142e+00
4.965744393480929553e+00
4.816723230913403597e+00
4.793465339456591146e+00
4.858701509555094056e+00
4.819480575705397563e+00
5.126513362226922332e+00
4.978332877650325727e+00
4.880047235765272440e+00
4.903432825054198752e+00
4.995624172027620880e+00
4.787247582972780080e+00
4.991347374550630711e+00
4.744535385473926503e+00
4.988889738835813326e+00
4.982937717072920769e+00
4.967572562081091547e+00
5.048789476924715913e+00
4.996929441572405040e+00
4.991249627833661329e+00
4.966124923015630799e+00
5.060261580036899076e+00
4.904105913541942918e+00
4.997022286462212470e+00
4.981934211557478065e+00
4.899709212599539399e+00
5.014059520503074019e+00
5.070743157410838364e+00
4.995763585496042936e+00
4.976634785892814605e+00
4.964244646303999531e+00
5.023285586513869916e+00
4.994856437703234953e+00
5.110547039229292210e+00
4.807245924174869067e+00
5.005938831233395447e+00
4.892237659833473806e+00
4.926712944185673848e+00
5.079530099496983198e+00
4.952001547077314214e+00
4.972590944899587306e+00
4.970251497327686785e+00
5.124022512324428291e+00
5.174718546443052070e+00
5.068994606735677699e+00
5.129706306172696628e+00
5.039146948978523888e+00
5.065073254855740892e+00
5.153796079718205192e+00
5.196702541414204291e+00
5.250482022392473525e+00
5.207214983705972244e+00
5.089284209398011072e+00
5.330211924862823025e+00
5.317875260500493084e+00
5.135433355061922889e+00
5.200768637364526548e+00
5.019771577819087227e+00
5.096239513574579938e+00
5.128739989148003886e+00
5.072546896978394670e+00
5.153941640691377835e+00
5.131941770231527755e+00
5.176246449279663153e+00
5.244894947346245395e+00
5.304752289819100852e+00
5.294995443946000080e+00
5.200939169008903740e+00
5.186679937240319838e+00
5.243815717871048498e+00
5.234209801821035235e+00
5.156796793266185119e+00
5.128594507608046804e+00
5.020526879037648271e+00
5.100113540851707761e+00
5.040332058176834273e+00
5.088939738175520588e+00
5.217991779058123392e+00
5.111102718322204197e+00
5.085592579982684214e+00
5.097279418097087955e+00
5.010453044207709539e+00
5.078937282210243431e+00
5.010049204177651205e+00
5.258899127736570200e+00
5.291239330303339372e+00
5.231157533463447251e+00
5.154287124222471483e+00
5.190789531850104055e+00
5.303018172320306256e+00
5.215250326751483811e+00
5.211258431627289411e+00
5.290766839329176463e+00
5.314385004269702506e+00
5.338039103965935617e+00
5.115398253495707870e+00
5.070848643755837770e+00
5.273154582888691877e+00
5.309000689728601508e+00
5.261481217196591231e+00
5.401201840692785083e+00
5.244079878243735671e+00
5.472151131515326838e+00
5.208320263643961390e+00
5.371883742634112835e+00
5.319620401389062891e+00
5.244843006586691558e+00
5.267768799131530955e+00
5.348578143080920277e+00
5.430341923085204137e+00
5.114427409165403837e+00
5.418666657229681327e+00
5.258859576240817013e+00
5.409333523307589431e+00
5.295387586624955567e+00
5.379326232229544758e+00
5.339532664789723881e+00
5.470675238151882169e+00
5.300973593092825453e+00
5.476544997548819182e+00
5.200325932217710445e+00
5.381715068504618671e+00
5.626395737471849401e+00
5.245871884578443556e+00
5.360742500711792147e+00
5.524193657723272644e+00
5.450470680944169644e+00
5.375332504847584403e+00
5.481511008978020350e+00
5.341641244139699651e+00
5.440961874676777832e+00
5.286531668999054467e+00
5.417614074190050033e+00
5.478847127316207377e+00
5.444020194641468358e+00
5.560260632138019687e+00
5.349601047560994971e+00
5.374062150393992709e+00
5.433603165765102716e+00
5.441351382184062224e+00
5.503045131092318520e+00
5.416405879921238231e+00
5.458643794754286738e+00
5.496137542982773461e+00
5.557833191346420953e+00
5.490895328842448464e+00
5.294921294431804704e+00
5.472474549046854264e+00
5.485244402357538185e+00
5.420323069606020283e+00
5.448928989194972594e+00
5.492039896469373517e+00
5.348838637150480579e+00
5.578572894458960540e+00
5.401285712765856672e+00
5.392567650844706684e+00
5.465465274303269005e+00
5.282488565740000475e+00
5.257610334836704702e+00
5.317225591676749019e+00
5.489100461576089884e+00
5.397566729452521805e+00
5.471238832523462214e+00
5.526999430461678742e+00
5.327973881866989281e+00
5.366513658213430737e+00
5.448374349373786174e+00
5.383805874539420167e+00
5.477960915972892586e+00
5.416176010101795946e+00
5.462990872711341872e+00
5.240584865297568840e+00
5.546091926670118966e+00
5.463010509843251761e+00
5.508785570722181113e+00
5.522001996634602783e+00
5.424417363491008892e+00
5.543578827626230776e+00
5.562227789243012310e+00
5.616167181550331122e+00
5.471521165920006702e+00
5.463146390002816766e+00
5.495143627702982592e+00
5.521821670861172926e+00
5.452251348261619945e+00
5.621119530884882920e+00
5.552667304952509042e+00
5.617589570701800206e+00
5.373076801232922861e+00
5.533585633642626789e+00
5.674527049449731742e+00
5.538201819513750124e+00
5.585225871204552384e+00
5.567110871725306609e+00
5.570508852873866878e+00
5.413370975030487031e+00
5.501994690592413306e+00
5.362179849767068518e+00
5.577712030219167616e+00
5.562370847393878215e+00
5.537338291305787585e+00
5.643605002454710196e+00
5.600480044187383655e+00
5.475488977024296489e+00
5.487851657025707652e+00
5.694829314323475167e+00
5.632750268508726954e+00
5.668568534342168341e+00
5.639030997053018801e+00
5.606568561440426812e+00
5.689723149206545649e+00
5.481566225942538395e+00
5.530182937884593031e+00
5.537656687147568313e+00
5.644477135703666271e+00
5.379780969582955485e+00
5.391401527796117144e+00
5.614212849868434496e+00
5.727617931222294345e+00
5.638191951636293275e+00
5.633347183041053086e+00
5.619089027128318925e+00
5.530130160914361603e+00
5.492658088043648412e+00
5.469695226886803319e+00
5.537328448220671717e+00
5.574449349371242590e+00
5.569598887090132067e+00
5.517095159072659349e+00
5.481396015503673169e+00
5.579395403934463538e+00
5.554304781976800776e+00
5.549955802119486137e+00
5.731592971075409437e+00
5.544107421340931374e+00
5.568120286826920839e+00
5.588674826549963726e+00
5.524776997317345284e+00
5.632111062195344076e+00
5.590066848918600506e+00
5.461714691327014926e+00
5.580503567368515050e+00
5.558560960121315730e+00
5.626000090891129624e+00
5.686419398089211263e+00
5.542129118656147213e+00
5.642028688697685368e+00
5.470415227065534403e+00
5.529216087775878918e+00
5.574200595028586669e+00
5.517098834820327369e+00
5.475883477435620428e+00
5.573739835267013554e+00
5.687522805373499857e+00
5.463068060026955663e+00
5.485420926748132864e+00
5.523005395762250025e+00
5.527502307394320802e+00
5.566561259161036723e+00
5.564417482334690135e+00
5.442726835349678716e+00
5.591014388232171228e+00
5.550057976334205279e+00
5.517506988375809662e+00
5.610156014886902298e+00
5.603493294553206994e+00
5.574000649119838613e+00
5.486670851544882765e+00
5.633478843060049535e+00
5.375790783739126333e+00
5.561851187607707026e+00
5.580856580702012515e+00
5.482241623261232100e+00
5.629527416407520413e+00
5.581814081294501406e+00
5.518050396319146067e+00
5.537560102482214752e+00
5.556863347529215069e+00
5.575522374441459483e+00
5.731012564154876365e+00
5.496482577835601901e+00
5.586884148398112870e+00
5.641036329449766740e+00
5.660801489282620835e+00
5.631627647715419016e+00
5.492508810506470773e+00
5.615307041975621694e+00
5.552871808328440295e+00
5.573232274328449698e+00
5.466917693993143423e+00
5.452264875456939386e+00
5.415072940994615891e+00
5.630137044722334672e+00
5.554282839017695927e+00
5.424705795876135106e+00
5.630994326984238185e+00
5.570494686071042700e+00
5.583635895221643608e+00
5.523873614886801953e+00
5.601711606062431237e+00
5.564210551174114450e+00
5.451920449891480835e+00
5.646690638807790208e+00
5.544105839661007451e+00
5.543587907730483266e+00
5.597192623950824064e+00
5.622985465207269051e+00
5.495385951155256521e+00
5.625187572825511850e+00
5.587038158976606717e+00
5.558100340021284502e+00
5.628750218365292213e+00
5.610910109616100705e+00
5.640619154749442643e+00
5.578133455840839972e+00
5.549494586193130630e+00
5.636451435160545920e+00
5.636129048394130869e+00
5.634726277802486472e+00
5.658823907614792148e+00
5.598166276792190921e+00
5.714906973075946972e+00
5.657004309498147698e+00
5.520210063409406231e+00
5.538204765570739596e+00
5.642345680013684195e+00
5.606913078282102170e+00
5.653159418671958036e+00
5.632492466892172978e+00
5.675819928247780588e+00
5.592616774751602016e+00
5.741942226775640812e+00
5.652767563886555990e+00
5.654896313025466803e+00
5.625959296532973219e+00
5.550923350168678994e+00
5.546645583811050884e+00
5.693563019681131543e+00
5.639312987633910090e+00
5.727499951614461793e+00
5.773736805563531860e+00
5.707303858765621740e+00
5.625171080033468662e+00
5.687215824362485961e+00
5.664829024551757186e+00
5.776110801637392100e+00
5.816661708003026732e+00
5.632276034703031620e+00
5.526609208732650380e+00
5.448268505446275611e+00
5.622716488456157791e+00
5.601146244644906069e+00
5.692179240808978413e+00
5.612246339592094735e+00
5.594393425829513156e+00
5.579380139794633209e+00
5.706349076254112695e+00
5.595719311790487538e+00
5.495258757513198589e+00
5.706711704929030127e+00
5.641480954688367078e+00
5.641858824267432126e+00
5.598913317789128818e+00
5.631114519258302309e+00
5.527071913757147570e+00
5.651730563681823583e+00
5.699355037280999348e+00
5.712675036220542069e+00
5.439861516051943013e+00
5.442244200769585483e+00
5.518293418693097863e+00
5.512789392175608150e+00
5.618283522110890438e+00
5.573201956806877355e+00
5.587610811756352547e+00
5.539124288874730517e+00
5.647870096186135669e+00
5.495703788992724270e+00
5.567617062166720032e+00
5.536854433329046365e+00
5.470005889058653814e+00
5.467989827699271110e+00
5.493084276433083168e+00
5.559728047014893981e+00
5.615188170424480596e+00
5.566464692174994511e+00
5.414568834896777538e+00
5.470617621203390790e+00
5.585886126580342115e+00
5.473990435487555928e+00
5.524476689733638146e+00
5.622242635666401256e+00
5.790622751737933172e+00
5.511897503041664592e+00
5.562295006095418159e+00
5.583399185816623422e+00
5.556373025630185758e+00
5.677615746443010813e+00
5.805797974673216011e+00
5.630156729254158776e+00
5.603400044004676062e+00
5.579787048784496051e+00
5.616465049323521086e+00
5.678212038351245994e+00
5.719822200612274976e+00
5.699940808940388237e+00
