-9.682059253322175540e-02
-2.027461796866607269e-01
2.761913909450349619e-02
1.501101099645315295e-01
1.348084786253249956e-01
2.589649745637273015e-01
1.668576547281880595e-01
3.097381383028184887e-01
3.511988865078610744e-01
3.784679160842506773e-01
4.031921951135831739e-01
2.157894367844525596e-01
1.125667005118823477e-01
2.934396205118822709e-01
6.544250051188216233e-02
8.047921051188203223e-02
2.386316705118819714e-01
2.092810905118820120e-01
3.790937005118819036e-01
2.701817105118817786e-01
2.264797705118816451e-01
2.791275105118815048e-01
1.770691653761441997e-01
1.107545942745136874e-01
2.511059242745135589e-01
3.269326642745135625e-01
1.884258342745134540e-01
2.578794542745133089e-01
2.370188042745132451e-01
1.364052042745130811e-01
2.788935142745131990e-01
1.064221542745130700e-01
2.551600242745129532e-01
5.162210427451283112e-02
5.105000427451265865e-02
3.196239842745124404e-01
3.265816542745125228e-01
3.357796042745124221e-01
3.995078042745123792e-01
3.095765042745123319e-01
2.260182942745121992e-01
1.860308442745119972e-01
1.746076642745119922e-01
2.822972742745117891e-01
2.397596442745117962e-01
2.848624242745115831e-01
3.535676542745115891e-01
2.547710042745115477e-01
3.611704142745115198e-01
1.397732342745113543e-01
2.245107342745112922e-01
2.137704742745112352e-01
2.135461842745110528e-01
3.246529442745109684e-01
2.070343942745109245e-01
2.383881842745108615e-01
4.015405042745107678e-01
2.844814442745107197e-01
1.925820542745105834e-01
2.710976742745104251e-01
2.595610942745104066e-01
9.143172427451015660e-02
2.358503642745101436e-01
2.509703542745100324e-01
2.761186466307513077e-01
3.351369966307512493e-01
2.368972766307510802e-01
2.175990666307509869e-01
2.642921166307509173e-01
1.307799466307507930e-01
2.417380266307507797e-01
3.399524566307506879e-01
3.186180566307505457e-01
3.181518066307505443e-01
2.146528366307504376e-01
1.707594566307503448e-01
1.288417466307502368e-01
2.054446866307501063e-01
3.294563966307499925e-01
2.383734666307499028e-01
3.059799866307498784e-01
3.885150066307497818e-01
1.753027866307496352e-01
2.470017866307495369e-01
1.903118466307495427e-01
1.061085166307493832e-01
2.980467966307493999e-01
2.936115766307493269e-01
2.818506966307491313e-01
2.494888266307490610e-01
2.525884066307489961e-01
1.537967966307487444e-01
3.489682266307486680e-01
3.629819266307485748e-01
2.755882966307485193e-01
1.262631366307484515e-01
1.269712566307483192e-01
3.249827266307482310e-01
3.071133566307481244e-01
1.195043866307479302e-01
3.796691666307479007e-01
3.518684866307477677e-01
2.208536566307477689e-01
3.154392966307477120e-01
2.047532866307475996e-01
2.668057466307474090e-01
2.477772066307473431e-01
2.912295466307471825e-01
2.860156466307470779e-01
1.777462066307470834e-01
1.917750066307470080e-01
2.667223066307468637e-01
3.532616166307466221e-01
3.416570066307466069e-01
2.688869566307464654e-01
2.654093166307465168e-01
2.527740166307463343e-01
1.348203666307463688e-01
2.538802466307462091e-01
2.136156566307461646e-01
2.197745366307460035e-01
3.989540466307459621e-01
2.065318666307458251e-01
2.329968966307456313e-01
3.259747766307454775e-01
2.174581952400970186e-01
1.367602352400969501e-01
3.312210552400968733e-01
3.272369252400966211e-01
8.900620524009666967e-02
2.996429252400966137e-01
3.126536852400966793e-01
1.142717252400965167e-01
3.073062352400965924e-01
1.430702752400964395e-01
2.605153524009631155e-02
1.606245552400962506e-01
1.422991152400962245e-01
1.979407052400960765e-01
1.960759052400960489e-01
1.953098152400959686e-01
1.109150152400958655e-01
2.391099352400958000e-01
2.392863352400957933e-01
1.414700152400957256e-01
2.307813352400955309e-01
1.851491552400954810e-01
1.839571952400954613e-01
4.184835152400954161e-01
1.281039152400954007e-01
1.279501952400953491e-01
2.347099952400952538e-01
1.473945052400952027e-01
1.588730952400950747e-01
1.858824452400950622e-01
9.296247524009493279e-02
3.905967524009489045e-02
2.181233152400948727e-01
2.049260752400948182e-01
1.147025152400946296e-01
1.737587152400945634e-01
1.506704752400945257e-01
1.564009552400943415e-01
3.227360752400942889e-01
2.013199552400943559e-01
2.089756952400942114e-01
2.336112152400942887e-01
2.371467752400942819e-01
3.271107752400940760e-01
1.376092952400939651e-01
8.120665524009393343e-02
1.567587652400938003e-01
2.325124752400937744e-01
2.263283952400937382e-01
1.358099852400936614e-01
1.052600252400936603e-01
3.812218524009353127e-02
1.536868652400933677e-01
2.525918152400933869e-01
1.600296952400932504e-01
1.379922952400931824e-01
1.942689352400932268e-01
1.841662552400930852e-01
2.346645352400930362e-01
2.498878452400930261e-01
2.319202452400929704e-01
1.451213652400928367e-01
2.742512052400927214e-01
3.500452452400927283e-01
6.869983524009259934e-02
1.426441952400925028e-01
2.314086652400925426e-01
1.278089452400923975e-01
2.524783752400923120e-01
1.706413752400922912e-01
3.657233524009218667e-02
5.892473524009210484e-02
2.121104952400920118e-01
2.082170952400919650e-01
1.914868152400919232e-01
1.322315352400918465e-01
1.323046152400917663e-01
2.447948952400916811e-01
2.542020552400916511e-01
1.564487252400915407e-01
2.484841652400914813e-01
1.874119652400914326e-01
2.026352852400913340e-01
4.427005552400912758e-01
1.249915552400913260e-01
5.883147524009117724e-02
2.521381552400911441e-01
1.334688352400910105e-01
1.445618752400908424e-01
2.286089152400908320e-01
1.037958352400907835e-01
3.794067524009077375e-02
2.276311452400907043e-01
2.105757852400907126e-01
1.258836252400905853e-01
1.647143052400904806e-01
1.774277052400903831e-01
1.513633452400902357e-01
3.257397852400903404e-01
2.021739352400901413e-01
2.663003152400901241e-01
2.996550152400900835e-01
2.641305152400900136e-01
2.648562152400898984e-01
3.531368252400899355e-01
5.331980524008963357e-02
1.718429152400895998e-01
2.839047652400895627e-01
1.670120252400894567e-01
2.724639052400894546e-01
2.201789052400892621e-01
2.501189752400892474e-01
2.366344152400891299e-01
3.424340552400889637e-01
4.341821652400889575e-01
3.440165052400889212e-01
1.177330852400888250e-01
2.241778552400887359e-01
1.210090352400886166e-01
2.428963452400886569e-01
2.363796152400884920e-01
1.211425052400883218e-01
2.228496652400883127e-01
2.417042852400882458e-01
2.413917852400881414e-01
2.532584052400881358e-01
3.571856852400880356e-01
1.332635052400879538e-01
1.238386852400878146e-01
1.480382252400877785e-01
5.376754524008768577e-02
1.528035252400876121e-01
1.894821252400875622e-01
2.110734752400874603e-01
2.899948252400874060e-01
2.111742552400873441e-01
2.227788252400872693e-01
2.399929352400871074e-01
9.709631524008704995e-02
2.818439524008701375e-02
2.663067352400869114e-01
1.276260652400868501e-01
1.542422852400867073e-01
2.977083952400866873e-01
1.722224552400866970e-01
8.548909524008654892e-02
2.998982552400865087e-01
2.859349052400864122e-01
5.979764524008625987e-02
2.567280752400862842e-01
1.438194552400861304e-01
2.294765524008610114e-02
2.368830452400860764e-01
1.510014452400860185e-01
2.397104652400859071e-01
1.704910952400857937e-01
1.714663352400856988e-01
3.162529152400856414e-01
8.991155524008562216e-02
1.218626252400854398e-01
1.316502952400855075e-01
2.088655952400854665e-01
1.338325952400853114e-01
1.516918252400852873e-01
2.468117352400850950e-01
3.734681524008505449e-02
2.080768152400850057e-01
3.304328752400849667e-01
2.054106252400849375e-01
1.098572652400848088e-01
1.045576952400847359e-01
1.278450052400845749e-01
1.070776852400845136e-01
1.625932752400844339e-01
2.899843152400844448e-01
2.142457152400843445e-01
1.808456252400842679e-01
2.845486652400842642e-01
9.785697524008415971e-02
1.281574552400840672e-01
1.313301152400840333e-01
1.521856352400839663e-01
2.401210252400838852e-01
1.530424152400837734e-01
1.700221752400836728e-01
2.026511252400836072e-01
2.107352852400835308e-01
2.007031652400834976e-01
2.357966852400834312e-01
2.279972752400833691e-01
-4.606284759916748003e-03
1.818863152400832239e-01
2.559037452400831913e-01
7.027549524008298854e-02
2.767794152400830376e-01
1.937529752400830307e-01
1.862937652400828981e-01
3.048597652400828473e-01
1.210156852400826877e-01
1.209577152400826555e-01
1.291477152400825890e-01
1.522611552400824908e-01
1.671543552400824584e-01
2.894827152400824000e-01
1.863617952400823397e-01
1.102930752400822362e-01
2.980406252400821243e-01
1.846003052400820577e-01
1.424608652400819742e-01
2.826862652400819464e-01
5.281438524008189722e-02
8.172382524008191262e-02
2.790725852400818274e-01
6.846358524008172575e-02
1.605015452400815890e-01
2.244868652400815734e-01
2.173955852400814848e-01
2.544345452400813556e-01
1.639867052400813818e-01
1.666326952400812578e-01
7.403025524008120806e-02
1.762187752400811158e-01
2.044276552400811076e-01
1.928028952400809848e-01
1.936899352400808516e-01
1.535790952400807874e-01
2.459673352400807145e-01
2.829206152400807750e-01
1.648308952400806549e-01
1.777736152400806180e-01
6.764709524008058472e-02
8.963661524008045833e-02
1.898721252400803194e-01
1.116866052400802695e-01
2.562640452400802848e-01
1.844969652400801352e-01
2.459446452400801397e-01
2.552132052400800655e-01
9.331580524007999922e-02
2.099262852400798074e-01
9.377948524007979902e-02
1.010799252400796655e-01
2.501908452400796734e-01
2.337604452400796340e-01
1.311435252400794949e-01
2.019731652400794664e-01
2.702853252400794770e-01
1.781163252400793651e-01
2.058716052400793306e-01
2.032155252400791867e-01
-1.963311475992090410e-02
1.573036452400791152e-01
2.629874052400790196e-01
5.255732524007893092e-02
2.569545252400788904e-01
1.950482052400787925e-01
1.951842852400786643e-01
2.978364852400786078e-01
1.185989652400785271e-01
1.493555652400784806e-01
1.215473652400784754e-01
1.469262852400783914e-01
1.638984852400783565e-01
2.820209652400782474e-01
1.717911252400781963e-01
1.217766852400780919e-01
3.056862852400780706e-01
1.717659252400779157e-01
1.347698052400777002e-01
2.797025652400778051e-01
4.049912524007776016e-02
8.309972524007774863e-02
2.866048452400776769e-01
8.056460524007753865e-02
1.640698452400774221e-01
2.171486052400773414e-01
2.659232052400772317e-01
2.240030052400772964e-01
1.703471652400771474e-01
1.857090852400771763e-01
5.353004524007708848e-02
1.734593652400769903e-01
1.841618052400769423e-01
2.086184052400768540e-01
1.780659252400768056e-01
1.469741652400766707e-01
2.619416052400765915e-01
2.671378452400766101e-01
1.594708452400765142e-01
1.887935652400763997e-01
6.985712524007635371e-02
7.547420524007622533e-02
1.963006452400761215e-01
1.649694852400761247e-01
2.529149652400761172e-01
1.628375652400760321e-01
2.597013252400759975e-01
2.499237252400759723e-01
6.654584524007575719e-02
2.145782052400757312e-01
1.023122052400756848e-01
1.020249252400755868e-01
2.425224852400755526e-01
2.332438452400754925e-01
1.247301252400753319e-01
1.732552452400753507e-01
2.886435252400753049e-01
1.979663652400751317e-01
1.883601252400751158e-01
1.965072852400749914e-01
2.929772524007494272e-02
1.555598052400749276e-01
2.520279252400748904e-01
5.932100524007475478e-02
2.577558852400747558e-01
1.882492452400746641e-01
1.733585652400745913e-01
3.119157252400744929e-01
1.042349652400744731e-01
1.413344052400743456e-01
1.419719652400742715e-01
1.382398452400742661e-01
1.583897652400741707e-01
2.785332852400741466e-01
1.846128852400740206e-01
1.121553252400738360e-01
2.792036052400738155e-01
2.217047652400737923e-01
1.395704052400737194e-01
2.738712852400736475e-01
5.561660524007362022e-02
6.896756524007355282e-02
2.825400852400735130e-01
6.950684524007344489e-02
1.675776852400732708e-01
2.230252452400732222e-01
2.453978052400731247e-01
2.412120852400731208e-01
1.645713252400730631e-01
1.688754852400729534e-01
5.659688524007291943e-02
1.786404852400728660e-01
1.886196852400727764e-01
1.967920452400726550e-01
2.165110452400725860e-01
1.386304452400725085e-01
2.596660452400724184e-01
2.679417252400724814e-01
1.619404452400723948e-01
1.774938852400723410e-01
6.482720524007223872e-02
9.400376524007213186e-02
1.769596452400720443e-01
1.658918052400719934e-01
2.409323652400719162e-01
1.742430852400718710e-01
2.595677652400718571e-01
2.489535252400718324e-01
7.753556524007157447e-02
1.938184452400715518e-01
9.468164524007149918e-02
1.351150452400714241e-01
2.367844452400713895e-01
2.319762852400713560e-01
1.426901652400713316e-01
1.656851652400711528e-01
2.864486052400711524e-01
1.764682452400710977e-01
1.935815652400708908e-01
2.035103652400709340e-01
1.964864524007078894e-02
1.687419252400707836e-01
2.329742052400707308e-01
6.136724524007061699e-02
2.656208052400705344e-01
