1.378297742371571530e+02
1.361005507538092445e+02
1.356184382572981804e+02
1.349204188749228308e+02
1.346378795604581455e+02
1.346242406390076383e+02
1.343938306152565758e+02
1.342798440680108740e+02
1.341711463833457572e+02
1.341378601477283325e+02
1.340255267556604792e+02
1.339918357731450271e+02
1.339738399901567618e+02
1.338001277702654761e+02
1.336850222051737376e+02
1.336455993638436723e+02
1.334444523033176608e+02
1.334991566130038336e+02
1.332234335395380924e+02
1.332298467509982913e+02
1.333757288698477623e+02
1.332406402858123329e+02
1.332125955921717662e+02
1.333958306868850059e+02
1.331018883195614251e+02
1.330173923336916459e+02
1.329335783686147749e+02
1.328871365281287353e+02
1.328395515144413821e+02
1.327169068326694799e+02
1.328671413303803206e+02
1.329102865192906791e+02
1.328770179186784048e+02
1.327093019797021611e+02
1.326771661576249528e+02
1.327583980673778683e+02
1.327267296965511889e+02
1.327404219955573126e+02
1.326886092815111056e+02
1.326581773930017505e+02
1.327121388318005017e+02
1.326335107581401758e+02
1.325781372167641905e+02
1.327186649941059784e+02
1.325462360457001694e+02
1.324978404941722374e+02
1.325474114864600779e+02
1.324623865214752811e+02
1.325176119984294303e+02
1.325056907943483964e+02
1.325388800475264759e+02
1.325678039303443256e+02
1.325756361737020939e+02
1.324790685513939650e+02
1.324450328004167545e+02
1.324584115120727574e+02
1.322780504542313906e+02
1.323406452164614393e+02
1.323277849221651365e+02
1.322907596306334028e+02
1.323828020643318837e+02
1.324719647397859603e+02
1.324605752896138142e+02
1.324096272366985261e+02
1.323871518596792214e+02
1.325079327382626104e+02
1.324238462856807246e+02
1.324597668412405085e+02
1.324344740981216262e+02
1.323681378886261655e+02
1.324887363839645218e+02
1.324145617816733989e+02
1.323718531659023370e+02
1.324355654752599492e+02
1.323626953474850154e+02
1.323482375989142383e+02
1.323538128248079033e+02
1.323765665879307960e+02
1.323780176926779575e+02
1.323995317919006993e+02
1.323173351684620513e+02
1.323368941969914374e+02
1.324091681157846665e+02
1.323871416915540351e+02
1.323320010676244749e+02
1.322954655838562417e+02
1.322827423682855681e+02
1.323280516954972086e+02
1.322953263370233969e+02
1.323844353125711280e+02
1.323433136400403214e+02
1.322654944327985618e+02
1.323106188660230202e+02
1.323209202780682290e+02
1.323096528631528201e+02
1.322601906789743111e+02
1.322561078297746633e+02
1.322988477536251253e+02
1.322200544050941176e+02
1.322841897861811731e+02
1.322615509073462761e+02
1.322394369448269629e+02
1.322561873406365862e+02
1.322281297189009592e+02
1.322942684784844118e+02
1.322316601222410668e+02
1.322114904989469721e+02
1.322789562739297082e+02
1.322575404747392156e+02
1.323133671286961430e+02
1.322562230334923186e+02
1.323008882621745670e+02
1.322740316311308959e+02
1.322583615723962680e+02
1.323139826297460218e+02
1.322632410894349562e+02
1.322888854711526960e+02
1.322814820102886131e+02
1.323247448553960055e+02
1.322967312608144823e+02
1.322460483772760824e+02
1.322736853131502244e+02
1.322747255265674937e+02
1.322565762700086225e+02
1.323040408910003123e+02
1.322653121917981309e+02
1.323103060461127427e+02
1.322381524817390925e+02
1.322907371603231184e+02
1.322908162938803969e+02
1.323046518002491041e+02
1.323919877662913223e+02
1.323148434526085566e+02
1.322986983703896726e+02
1.322878481070625298e+02
1.322513339093297304e+02
1.322622861878778053e+02
1.323041311201510268e+02
1.323036462635774058e+02
1.323092812342129037e+02
1.324055284004943189e+02
1.323485526908447980e+02
1.323654434560526170e+02
1.323770994807073578e+02
1.323503252442753535e+02
1.323714813662922438e+02
1.323742436195907430e+02
1.324335689033927679e+02
1.323659199662334061e+02
1.323351067097235045e+02
1.323525017074813377e+02
1.322539552771226852e+02
1.323717552874758212e+02
1.323274108447469644e+02
1.323468048826783559e+02
1.324225113622945003e+02
1.323294464171653146e+02
1.323774191161975011e+02
1.324647746175864143e+02
1.324019663069240664e+02
1.323847980525233936e+02
1.323732732882921255e+02
1.323417645608633393e+02
1.324367433401844494e+02
1.324369470244053275e+02
1.323682586661204823e+02
1.323968049635437865e+02
1.323757164204395735e+02
1.323889674897496604e+02
1.324341186837729651e+02
1.324252248814749464e+02
1.324139342496085874e+02
1.324523243064771236e+02
1.323554384808533655e+02
1.323647940542398374e+02
1.323574099427148667e+02
1.322788933459523264e+02
1.323700168904711063e+02
1.323784013325330875e+02
1.324344619344960563e+02
1.324159620166190621e+02
1.323337709987948756e+02
1.323205380492796053e+02
1.323627662956137669e+02
1.323766444300542844e+02
1.323412229442857040e+02
1.323333153586186484e+02
1.323952545131163845e+02
1.323666938294982458e+02
1.324281808981012603e+02
1.324773405248972722e+02
1.324640826916205754e+02
1.324476403335351335e+02
1.324798506016836370e+02
1.324629355598004850e+02
1.324791062817115801e+02
1.324992398675281891e+02
1.324582585671029733e+02
1.324673578406276704e+02
1.324664477355324834e+02
1.324841420780081762e+02
1.324917631000225811e+02
1.324892129083836778e+02
1.324945264425077198e+02
1.324416092987717377e+02
1.324951341756869283e+02
1.324202086980312458e+02
1.324625630762233470e+02
1.324839847627449103e+02
1.324891102271197951e+02
1.324780667299479546e+02
1.325558536270206389e+02
1.325538612286838998e+02
1.325447907163132300e+02
1.325285776995697518e+02
1.325507032087358823e+02
1.325733455459731545e+02
1.324896825147285142e+02
1.325113998098133550e+02
1.325474608944793431e+02
1.325336642029926395e+02
1.325010235266157110e+02
1.324986863709535214e+02
1.325380267973593220e+02
1.324828023166493836e+02
1.325536411741975371e+02
1.326211999286715866e+02
1.325981856918971857e+02
1.326063541577060505e+02
1.325618507993131914e+02
1.325758199988990782e+02
1.325632437245745905e+02
1.325858241507053776e+02
1.326564676626317407e+02
1.326355700612585053e+02
1.326196452777616059e+02
1.326210697929087416e+02
1.326159547294674610e+02
1.326451332093047029e+02
1.325608914482913008e+02
1.325901806210740119e+02
1.326339269042480851e+02
1.325863160287412938e+02
1.326477673237882584e+02
1.327235105757021074e+02
1.327016396186806162e+02
1.326663695937476177e+02
1.326779858049799827e+02
1.326863082175443367e+02
1.326474809655830711e+02
1.326920154484981822e+02
1.327150623308927493e+02
1.326740585082943653e+02
1.326784992956393410e+02
1.327083926857767722e+02
1.326514824301759177e+02
1.326797043045026498e+02
1.326625985560066283e+02
1.326579151964595269e+02
1.325707612786583525e+02
1.327052666105478522e+02
1.326595100067546582e+02
1.326579813110516000e+02
1.326523047039474932e+02
1.326842366031381744e+02
1.326418510456464332e+02
1.327123455013601756e+02
1.326346131870837439e+02
1.326906973873851427e+02
1.326494669950429000e+02
1.326880058988545841e+02
1.327265255831686659e+02
1.327269553207811157e+02
1.326871746976154327e+02
1.326671137600537520e+02
1.327564972569905422e+02
1.327256270002835095e+02
1.326451375625105413e+02
1.327352184700439182e+02
1.327404990369906841e+02
1.326596885182633798e+02
1.327136081340135263e+02
1.326272763577670162e+02
1.326306482575821519e+02
1.326547598598898503e+02
1.326563027962147885e+02
1.326436329820280378e+02
1.326580116712655979e+02
1.326314065623547549e+02
1.326835177954069422e+02
1.326134536365386225e+02
1.326543389321453219e+02
1.326901880696735248e+02
1.327074840505532052e+02
1.327600249030719510e+02
1.326806808616074136e+02
1.326911510651474373e+02
1.326909721316340267e+02
1.327417002180499139e+02
1.327244054476361157e+02
1.326904113206113038e+02
1.327698088809120520e+02
1.327465730254586447e+02
1.327494336913385666e+02
1.328049509981865413e+02
1.327220805747596160e+02
1.327462058386308286e+02
1.327797464298459715e+02
1.328073587573791770e+02
1.327856251740974471e+02
1.328167972604606746e+02
1.328307449770973392e+02
1.328240398103324367e+02
1.328319207318006363e+02
1.328431427648565091e+02
1.328236380233564944e+02
1.328319657676050838e+02
1.328447456966961511e+02
1.327929573526003821e+02
1.327514603313413772e+02
1.328386436734508322e+02
1.328313894373808921e+02
1.327917783319977900e+02
1.327792029486593890e+02
1.327650277576627218e+02
1.327858368801045401e+02
1.327686219876710254e+02
1.327708228579509182e+02
1.327572755474833457e+02
1.327368917760066154e+02
1.327176929840779280e+02
1.328003766362379565e+02
1.327267883879931389e+02
1.327455052017540424e+02
1.327329875155370758e+02
1.327849773314813149e+02
1.327292549976795328e+02
1.327689659532803432e+02
1.327970758037751864e+02
1.327782999066317871e+02
1.327534674349828947e+02
1.327262753472279257e+02
1.327440252933785700e+02
1.327708346478636656e+02
1.327605423555915252e+02
1.327304265633524665e+02
1.327200929739336175e+02
1.327277181727629625e+02
1.327805020649944652e+02
1.328164334752999594e+02
1.327542986192329693e+02
1.328075277941952379e+02
1.328005443768379337e+02
1.328034328089420910e+02
1.327737836391491442e+02
1.328216106659701268e+02
1.327756123917080231e+02
1.328359971951467458e+02
1.328098499519086602e+02
1.328068473853564342e+02
1.327894601688818454e+02
1.328080644446343683e+02
1.327700664555043204e+02
1.328315105345060658e+02
1.327950383306502999e+02
1.328246728070781444e+02
1.328128696930130275e+02
1.328181042431482979e+02
1.328111100904535817e+02
1.327810387781653958e+02
1.327775150459417546e+02
1.327732331408393804e+02
1.327937009096264092e+02
1.328194154000383378e+02
1.328108542235005416e+02
1.327842591689172309e+02
1.327685757444587296e+02
1.328046945155308833e+02
1.328162054165991037e+02
1.328915917245033711e+02
1.328741016354009048e+02
1.328297655784237463e+02
1.328605130800695804e+02
1.328653347937412263e+02
1.328854796048977960e+02
1.329417410976106453e+02
1.328782189064486090e+02
1.329249844190401006e+02
1.329449593702968286e+02
1.328352504328104260e+02
0.000000000000000000e+00
0.000000000000000000e+00
0.000000000000000000e+00
0.000000000000000000e+00
0.000000000000000000e+00
0.000000000000000000e+00
0.000000000000000000e+00
0.000000000000000000e+00
0.000000000000000000e+00
0.000000000000000000e+00
0.000000000000000000e+00
0.000000000000000000e+00
0.000000000000000000e+00
0.000000000000000000e+00
0.000000000000000000e+00
0.000000000000000000e+00
0.000000000000000000e+00
0.000000000000000000e+00
0.000000000000000000e+00
0.000000000000000000e+00
0.000000000000000000e+00
0.000000000000000000e+00
0.000000000000000000e+00
0.000000000000000000e+00
0.000000000000000000e+00
0.000000000000000000e+00
0.000000000000000000e+00
0.000000000000000000e+00
0.000000000000000000e+00
0.000000000000000000e+00
0.000000000000000000e+00
0.000000000000000000e+00
0.000000000000000000e+00
0.000000000000000000e+00
0.000000000000000000e+00
0.000000000000000000e+00
0.000000000000000000e+00
0.000000000000000000e+00
0.000000000000000000e+00
0.000000000000000000e+00
0.000000000000000000e+00
0.000000000000000000e+00
0.000000000000000000e+00
0.000000000000000000e+00
0.000000000000000000e+00
0.000000000000000000e+00
0.000000000000000000e+00
0.000000000000000000e+00
0.000000000000000000e+00
0.000000000000000000e+00
0.000000000000000000e+00
0.000000000000000000e+00
0.000000000000000000e+00
0.000000000000000000e+00
0.000000000000000000e+00
0.000000000000000000e+00
0.000000000000000000e+00
0.000000000000000000e+00
0.000000000000000000e+00
0.000000000000000000e+00
0.000000000000000000e+00
0.000000000000000000e+00
0.000000000000000000e+00
0.000000000000000000e+00
0.000000000000000000e+00
0.000000000000000000e+00
0.000000000000000000e+00
0.000000000000000000e+00
0.000000000000000000e+00
0.000000000000000000e+00
0.000000000000000000e+00
0.000000000000000000e+00
0.000000000000000000e+00
0.000000000000000000e+00
0.000000000000000000e+00
0.000000000000000000e+00
0.000000000000000000e+00
0.000000000000000000e+00
0.000000000000000000e+00
0.000000000000000000e+00
0.000000000000000000e+00
0.000000000000000000e+00
0.000000000000000000e+00
0.000000000000000000e+00
0.000000000000000000e+00
0.000000000000000000e+00
0.000000000000000000e+00
0.000000000000000000e+00
0.000000000000000000e+00
0.000000000000000000e+00
0.000000000000000000e+00
0.000000000000000000e+00
0.000000000000000000e+00
0.000000000000000000e+00
0.000000000000000000e+00
0.000000000000000000e+00
0.000000000000000000e+00
0.000000000000000000e+00
0.000000000000000000e+00
0.000000000000000000e+00
0.000000000000000000e+00
0.000000000000000000e+00
0.000000000000000000e+00
0.000000000000000000e+00
0.000000000000000000e+00
0.000000000000000000e+00
0.000000000000000000e+00
0.000000000000000000e+00
0.000000000000000000e+00
0.000000000000000000e+00
