2.598893429367712429e+02
2.624869590074571875e+02
2.639642890845914849e+02
2.637717316262053373e+02
2.653332903430642773e+02
2.649994542775295940e+02
2.655236696899852973e+02
2.658926262609368791e+02
2.658182117929803780e+02
2.664736643010999728e+02
2.657395764465604202e+02
2.664315413207186225e+02
2.671510061318455200e+02
2.669270779997513614e+02
2.664219363044847455e+02
2.665140459387463352e+02
2.666364702965769311e+02
2.667892901850070189e+02
2.666064737664557356e+02
2.662881984036049516e+02
2.674865632453494300e+02
2.676810711446640312e+02
2.679777085260512308e+02
2.672956973038918704e+02
2.678507160985109294e+02
2.675089014479308958e+02
2.678898411502788122e+02
2.679477608143835141e+02
2.677400375049912782e+02
2.680173196554603123e+02
2.677307979002551406e+02
2.681932644816663469e+02
2.677580123896140094e+02
2.678592903035556674e+02
2.689882619583412975e+02
2.680965176123615379e+02
2.686459060865913102e+02
2.687000369047235608e+02
2.689758538558574514e+02
2.684497384779666618e+02
2.688352380283744196e+02
2.689878606545390198e+02
2.698025793519888111e+02
2.688788761927684163e+02
2.692657096602280831e+02
2.693421636480696861e+02
2.695105119092995096e+02
2.690816007555611691e+02
2.682499282073489439e+02
2.692425798951020397e+02
2.694576162422484344e+02
2.692348500788118031e+02
2.694766969177320561e+02
2.690970624901327142e+02
2.698511733849774146e+02
2.694445533295335053e+02
2.695160968354879287e+02
2.694473095141946146e+02
2.698825250110499496e+02
2.690400429217561395e+02
2.688716990278223875e+02
2.692723881844779612e+02
2.698070849023735036e+02
2.694862235196733309e+02
2.699343590451732666e+02
2.698668087392356369e+02
2.701450021232204790e+02
2.697234684525485591e+02
2.695599714821743760e+02
2.696967119759192428e+02
2.699145021674320333e+02
2.693297528045816875e+02
2.696547979283422478e+02
2.697743366365864972e+02
2.702444451016137918e+02
2.690693951234355268e+02
2.695770545451585463e+02
2.699164565645319271e+02
2.700535405375105711e+02
2.697132352695532518e+02
2.701817804948940420e+02
2.692681224832149383e+02
2.700545669985443169e+02
2.692748423678586391e+02
2.695462659991913483e+02
2.703695797896662611e+02
2.701260213011001383e+02
2.694354926998934161e+02
2.697481278968826928e+02
2.695154495927285438e+02
2.691848284664969810e+02
2.694171377133928900e+02
2.696613670367267446e+02
2.697435520654308903e+02
2.700261791237433044e+02
2.690172388651425308e+02
2.696664044330271963e+02
2.696073045989325578e+02
2.697239412677359383e+02
2.696300764576250799e+02
2.698373018985406588e+02
2.693058435381432218e+02
2.701237069441089602e+02
2.694440300548664027e+02
2.699767185424636295e+02
2.702091691961758784e+02
2.703683157726697459e+02
2.695956768818616069e+02
2.692495045966326757e+02
2.693762847320341507e+02
2.694764025077755605e+02
2.694764567573374734e+02
2.697015549219205468e+02
2.694445368022502407e+02
2.702448688685867637e+02
2.693577760653654423e+02
2.693241664345905519e+02
2.693078001062741009e+02
2.700606085909331568e+02
2.691219049906782743e+02
2.698794760424127617e+02
2.694171512244308246e+02
2.699813602331033735e+02
2.697245177023301039e+02
2.701703056246112169e+02
2.699452922673661419e+02
2.702489358865884128e+02
2.698228538398562364e+02
2.692711046760173872e+02
2.697955867612222391e+02
2.696792713796851331e+02
2.689716073266579883e+02
2.695022986168875718e+02
2.694791449542236137e+02
2.700528997884331943e+02
2.689930781985904105e+02
2.693182571692325951e+02
2.693459012761052236e+02
2.701240210808147708e+02
2.693977216813761970e+02
2.693897835246664272e+02
2.696506620887981285e+02
2.702215784458540497e+02
2.694995216086751384e+02
2.701822378218512313e+02
2.699475812037421747e+02
2.699786843893192554e+02
2.700661334465629579e+02
2.694482990572994936e+02
2.694736795421454190e+02
2.694979928219569274e+02
2.689870864499471281e+02
2.692198705476533860e+02
2.695588852909936008e+02
2.700931328069226538e+02
2.686529418923633443e+02
2.694946037573493527e+02
2.694419793982940519e+02
2.700287519956328879e+02
2.693783658390166806e+02
2.695771329526060072e+02
2.695381583240899204e+02
2.703776213358444238e+02
2.697128798391563578e+02
2.698324209439415995e+02
2.700831657696612069e+02
2.701990067065146377e+02
2.698704214648700486e+02
2.702589084963429968e+02
2.702238230362995068e+02
2.699608070088254408e+02
2.699491389676167614e+02
2.702477222501571532e+02
2.699280272809319285e+02
2.708932214040572717e+02
2.695215082084343976e+02
2.701664644840993219e+02
2.703831805883058337e+02
2.709090926037338249e+02
2.700247448560800194e+02
2.703512119793505235e+02
2.703787911577646810e+02
2.708041446899106290e+02
2.703874556693871227e+02
2.707314499352529538e+02
2.706543484100114938e+02
2.710532382146469672e+02
2.707577733024168083e+02
2.700850667911070104e+02
2.701794684728873790e+02
2.702115574444828781e+02
2.696083523807310485e+02
2.701263457488768722e+02
2.700971050430425180e+02
2.707840654941783214e+02
2.696017016694890458e+02
2.703933541623287624e+02
2.703018332897142955e+02
2.709482980901019005e+02
2.701017643813142968e+02
2.701286800278400619e+02
2.705574102090014890e+02
2.707504901185065478e+02
2.702056540208217257e+02
2.707486107955654120e+02
2.708180244352223554e+02
2.709060144569634190e+02
2.709385158692445543e+02
2.701588986052266819e+02
2.698966833872584630e+02
2.702751628922677014e+02
2.697041406259102132e+02
2.698923734868885731e+02
2.702379534046763183e+02
2.709982435133738932e+02
2.695282215854164747e+02
2.703823854258815231e+02
2.703705784338583271e+02
2.706962093140143679e+02
2.701872169796591834e+02
2.703202756219511684e+02
2.703575354868679028e+02
2.709051307175639067e+02
2.705119214215226862e+02
2.709514232951172517e+02
2.712028224463270476e+02
2.712391219179472728e+02
2.704120478942622867e+02
2.708480458364078913e+02
2.701203644825246784e+02
2.702664134283767225e+02
2.702355921648114645e+02
2.701892180673887651e+02
2.704943643031922988e+02
2.713577349480959811e+02
2.705885047189366333e+02
2.707932617753510272e+02
2.711681469397075261e+02
2.719771213110660710e+02
2.711111096194236438e+02
2.706270245736430411e+02
2.710240329242418511e+02
2.708672925502160638e+02
2.708520948616223336e+02
2.712389603118438117e+02
2.709820626071158927e+02
2.713015311428293330e+02
2.707213667283720611e+02
2.708844875711794771e+02
2.708970240108158123e+02
2.710820640985515411e+02
2.701988778310760608e+02
2.703439685005250226e+02
2.705972197266731882e+02
2.712003494974692899e+02
2.703480048882508413e+02
2.707507182977075217e+02
2.708458236932210070e+02
2.716195605898589065e+02
2.708338411176515592e+02
2.708963435358245988e+02
2.710454045713277651e+02
2.709100543583388685e+02
2.702402622779871422e+02
2.712761372573443737e+02
2.709107083942193981e+02
2.711327091606206068e+02
2.708655165072618729e+02
2.707946193321201918e+02
2.705163635241913767e+02
2.708573378417229947e+02
2.706250460699076257e+02
2.701100429868483843e+02
2.708508481817516440e+02
2.714804138446746720e+02
2.700574681689349177e+02
2.708303218807575377e+02
2.707596618423701216e+02
2.715118161167086441e+02
2.706838136604160354e+02
2.708531844414719103e+02
2.711008793863355777e+02
2.708778195073293205e+02
2.705120536334630970e+02
2.708373642892973976e+02
2.711008561176409444e+02
2.711567359491354523e+02
2.705247481898327919e+02
2.709298595377165952e+02
2.704550077122597145e+02
2.705274380785514268e+02
2.707310000613027796e+02
2.704858048167196785e+02
2.705249580596647547e+02
2.713870975640448933e+02
2.703771217505335471e+02
2.705330880577973858e+02
2.707468131878882787e+02
2.716971948028820520e+02
2.706780406717377332e+02
2.708624240907598164e+02
2.710962660235502426e+02
2.709000579745004416e+02
2.703659060257428450e+02
2.709150218567071420e+02
2.709692874222558885e+02
2.713435683446733151e+02
2.705828720634585807e+02
2.706459473277552092e+02
2.708432106248225182e+02
2.706140798603760231e+02
2.704363029936875478e+02
2.705499611663402675e+02
2.708637050493244374e+02
2.711354781651028816e+02
2.704469398032184699e+02
2.709645534416462738e+02
2.704275534205643226e+02
2.716597193523833766e+02
2.706974259912549314e+02
2.708954713962361893e+02
2.711325786746746189e+02
2.708893383840758702e+02
2.703638325170543339e+02
2.708448683758593916e+02
2.709965213789453742e+02
2.710666567430647547e+02
2.709116675718806846e+02
2.707624824612532848e+02
2.706526900150861934e+02
2.708266278498881547e+02
2.704602884876576354e+02
2.703309376013470455e+02
2.709471086794593475e+02
2.713289382579712310e+02
2.701143952898777911e+02
2.709854225670449637e+02
2.706644417927972199e+02
2.715922746779511954e+02
2.709499383503718377e+02
2.711923766496156532e+02
2.710428044364698508e+02
2.711053710759027240e+02
2.707124308287072836e+02
2.707961697183052365e+02
2.712340846020281901e+02
2.714172039944397170e+02
2.708436421841340689e+02
2.709528249023726971e+02
2.709909734703855406e+02
2.708884441365624980e+02
2.708267234471457527e+02
2.706461992001490557e+02
2.707732082172104242e+02
2.715240969941650064e+02
2.703709456060352636e+02
2.709716993610227860e+02
2.707694365278915143e+02
2.718534678579233628e+02
2.708443921286152545e+02
2.710649973088121101e+02
2.711061776287477301e+02
2.708418208714232946e+02
2.708267673776293805e+02
2.709279029688680680e+02
2.710864824142348652e+02
2.715082617410820376e+02
2.709986896534957737e+02
2.708130677517970071e+02
2.710361707693202789e+02
2.710266402740185185e+02
2.704776867694661178e+02
2.707351787018835125e+02
2.709091457172939954e+02
2.713616177724690601e+02
2.705244073185567686e+02
2.712168162437974956e+02
2.706428949515026829e+02
2.717854700227820217e+02
2.707985357251871505e+02
2.708226813460848916e+02
2.712157226681654265e+02
2.709831791307858566e+02
2.706988454775431592e+02
2.712060502099611767e+02
2.714826885028185188e+02
2.715627453563265590e+02
2.713077226098513393e+02
2.712137689470901023e+02
2.709799446130347178e+02
2.713375069302908287e+02
2.707414083397849254e+02
2.708142409836515867e+02
2.713255931991223520e+02
2.717892017636802962e+02
2.706015718607769713e+02
2.714518352352299075e+02
2.709911789405921354e+02
2.715649403898096352e+02
2.710966367142494846e+02
2.713042380653611758e+02
2.712965011789449932e+02
2.712909884639585130e+02
2.710746568919044535e+02
2.710657196222643393e+02
2.715032108769112256e+02
2.716881646457045463e+02
2.710403554460870055e+02
2.712222003284377365e+02
2.711023606740228615e+02
2.712469289989558661e+02
2.709696250819401371e+02
2.709531260911670643e+02
2.710951198324494271e+02
2.718039687441350907e+02
2.706539825319747479e+02
2.711238923911793677e+02
2.710416709151357963e+02
2.718449740909727552e+02
2.709842882086991267e+02
2.712819211012562164e+02
2.714226308178821796e+02
2.710687308353150229e+02
2.711036210662870758e+02
2.712301662647074068e+02
2.712417843113594245e+02
2.718079940293094410e+02
2.711624529406259967e+02
2.711161562616119340e+02
2.711709858242195992e+02
2.713909210562327416e+02
2.708182452715540762e+02
2.709685777875291706e+02
2.711807507102137720e+02
2.716118653135711725e+02
2.707954531976529324e+02
2.711946148239548506e+02
2.708235851124696296e+02
2.718449671411689792e+02
2.711075855761403091e+02
2.710912888502991223e+02
2.715364577816629890e+02
2.712317951860787275e+02
2.708264723475418805e+02
2.713065835551837495e+02
2.713869038897246355e+02
2.716122036303268601e+02
2.712779770537461559e+02
2.713386513114396053e+02
2.710419322282409098e+02
2.713161904698795297e+02
2.709351565051956072e+02
2.707484466431841952e+02
2.713661560153109917e+02
2.717385864294991507e+02
2.704760173332135196e+02
2.712591605236513601e+02
2.708842258114117385e+02
2.716565141153693617e+02
2.711480081668519233e+02
2.713305826826828024e+02
2.712625083312148604e+02
2.713548683748035728e+02
2.709622944873219694e+02
2.711380263076864026e+02
2.714915234749453248e+02
2.717585710332633084e+02
2.710970714406890352e+02
2.713263019609958633e+02
2.711630525954043947e+02
2.711667849690880985e+02
2.710546849991350200e+02
2.708871729605334053e+02
2.711414849030315963e+02
2.716099148636171776e+02
2.706039335662748613e+02
2.710214012039321574e+02
2.710567005364544571e+02
2.718958784837783469e+02
2.708999364928147884e+02
2.713544648087542441e+02
2.713525738202477555e+02
2.711859718560443753e+02
2.710281924130749189e+02
2.713043456276632241e+02
2.713980063924512365e+02
2.718085594905268749e+02
2.712374692122570536e+02
2.710578846708103242e+02
2.712356717056132993e+02
2.712895404040762628e+02
2.708602453455321779e+02
2.709419336721955460e+02
2.711258275835594986e+02
2.715129363728506178e+02
2.707316238735548382e+02
2.712264372455680359e+02
2.707179648619759291e+02
2.719461777626720504e+02
2.709994101832969591e+02
