4.059865232008723410e+02
4.087632105174122330e+02
4.088530031776992928e+02
4.092588907094874457e+02
4.090161257804109027e+02
4.089972845312361756e+02
4.085414674077440509e+02
4.095305789033737369e+02
4.087198592113329596e+02
4.083756640121804935e+02
4.085574877290003997e+02
4.084681836683275264e+02
4.088597701743534572e+02
4.088471520737357423e+02
4.086456857792551887e+02
4.082979458777307968e+02
4.084764506661481391e+02
4.088061900029377398e+02
4.085362670455451735e+02
4.091353018029533359e+02
4.091219150770037913e+02
4.091433236346761078e+02
4.089598952635057572e+02
4.084986801126039495e+02
4.087442103624373431e+02
4.086575885218682629e+02
4.082858018919293954e+02
4.085888376041198740e+02
4.084132116257690086e+02
4.089515850990198942e+02
4.093799689832720219e+02
4.089080704213628792e+02
4.090656386292203024e+02
4.089542090323199091e+02
4.086022892103201229e+02
4.083417353772803153e+02
4.081780042226343426e+02
4.086246245030608293e+02
4.081269620128226165e+02
4.083220742670305299e+02
4.083304267166608952e+02
4.087952029568076568e+02
4.082072842521977236e+02
4.082992520429151000e+02
4.084032886091948171e+02
4.082696138827101322e+02
4.082067048038829284e+02
4.086442872156145540e+02
4.087709028413410124e+02
4.084793599508930129e+02
4.083972890854303728e+02
4.081279114635083261e+02
4.079275561463950908e+02
4.081827556543109949e+02
4.082785263364541493e+02
4.084254978998775982e+02
4.078802606268061481e+02
4.079886819139255181e+02
4.080689177167790263e+02
4.076883968848356403e+02
4.080697029936030731e+02
4.087538277453718365e+02
4.085291823729149314e+02
4.081199933176878289e+02
4.080431739268000229e+02
4.084324761837523283e+02
4.080597074537472508e+02
4.082629318247253423e+02
4.076827684641054361e+02
4.089218647942219036e+02
4.082752292123975053e+02
4.081710109908270852e+02
4.083646592905771513e+02
4.083665489766661381e+02
4.085004054968491687e+02
4.080807618626865860e+02
4.083251843253939910e+02
4.080989953782564044e+02
4.080255150268771445e+02
4.085445332795948161e+02
4.082000356698311521e+02
4.081308646327339602e+02
4.073999409343256275e+02
4.077672067157357674e+02
4.074734198915171532e+02
4.075316781154283490e+02
4.072351227537508862e+02
4.076497676359296065e+02
4.080503642247202833e+02
4.078844060782358838e+02
4.073360930171457994e+02
4.077016524576059737e+02
4.077491426083278157e+02
4.074925494324312467e+02
4.078503812070325125e+02
4.072191546275894893e+02
4.070092757221437978e+02
4.073201620836782126e+02
4.067944264879976686e+02
4.071351635404784020e+02
4.067507745796103791e+02
4.074777671339691096e+02
4.072560091852935784e+02
4.070410388762183516e+02
4.073855194680984368e+02
4.069308866794946766e+02
4.074187135281782730e+02
4.073501009369740018e+02
4.078351663318150599e+02
4.075928810608791082e+02
4.069985981100314802e+02
4.069866512112733403e+02
4.075766527121343756e+02
4.074161483078214019e+02
4.074237935373686810e+02
4.071813793538393043e+02
4.072419856335362169e+02
4.068348715188783444e+02
4.069577775693337003e+02
4.073213081277398260e+02
4.074697099681258692e+02
4.069519987227581055e+02
4.070705603147754914e+02
4.070134077783108069e+02
4.070393034065854749e+02
4.069444825396587362e+02
4.069744347232753512e+02
4.073632233509317189e+02
4.077328581144095097e+02
4.076221521863580506e+02
4.074153743972420330e+02
4.073121872941351285e+02
4.070774284948137733e+02
4.073024933846962199e+02
4.071245159705919150e+02
4.075413503337037469e+02
4.074528491448878640e+02
4.072105517724297670e+02
4.071371446452253622e+02
4.071041048300700140e+02
4.076028203848968019e+02
4.070825332780782446e+02
4.070847213646555929e+02
4.071169826338534108e+02
4.075311741481574472e+02
4.072566499695331572e+02
4.074543256269805624e+02
4.074787879377534523e+02
4.073365052319135202e+02
4.072255483274595349e+02
4.069084933431288960e+02
4.072685152233248687e+02
4.069155850954708740e+02
4.076299776279348634e+02
4.072773278372476398e+02
4.071319453226990959e+02
4.077000113556578071e+02
4.070200311898234986e+02
4.077438030059821017e+02
4.074477672114688858e+02
4.072456879943094918e+02
4.072047715754463297e+02
4.068828576852228025e+02
4.070087780890361273e+02
4.067362558398167494e+02
4.069753764551435893e+02
4.071691476235521350e+02
4.073925596439677861e+02
4.068334643249409623e+02
4.069993735812079763e+02
4.069777633529367336e+02
4.068916914621062233e+02
4.066580298066514843e+02
4.072414046758108270e+02
4.069179053640847314e+02
4.074278558294076333e+02
4.069503018361372142e+02
4.063323178428475444e+02
4.073568729551108163e+02
4.070297518203720983e+02
4.069714192793998109e+02
4.071703754818252605e+02
4.068051139819029913e+02
4.066084844242518557e+02
4.069489258315966822e+02
4.074260051542067345e+02
4.081613268072027267e+02
4.077068169819502259e+02
4.073218918895717024e+02
4.069326583422244425e+02
4.069182372282917868e+02
4.070833423552443833e+02
4.067952087259389486e+02
4.069625721039612358e+02
4.071425903234714951e+02
4.073028483097356798e+02
4.069594370309302462e+02
4.073731819620037413e+02
4.070099480916118750e+02
4.069813285009621495e+02
4.073300081132306900e+02
4.073444309998382096e+02
4.079059031760650100e+02
4.073688423324774135e+02
4.071117781555533384e+02
4.071764645572934569e+02
4.069309557115669236e+02
4.072410798954262532e+02
4.075298008723894441e+02
4.073979195981552266e+02
4.072937193102313813e+02
4.071731768478454683e+02
4.075857663945106424e+02
4.074981569052764030e+02
4.067029497735472887e+02
4.073196211444736150e+02
4.072934647691027976e+02
4.069409919270750606e+02
4.074278580841997837e+02
4.073030368587225780e+02
4.077511632918217970e+02
4.070457982535590986e+02
4.071649252035148834e+02
4.068582807904489300e+02
4.071597664382219932e+02
4.077465631994744513e+02
4.070494541124995749e+02
4.067952673112043840e+02
4.073061666215029391e+02
4.072566264595405414e+02
4.070345787990882513e+02
4.068142896497851098e+02
4.068102734220805701e+02
4.073448150874766043e+02
4.074052917549644803e+02
4.068643304763131709e+02
4.064612044385021932e+02
4.069398240297795724e+02
4.068231193565489434e+02
4.067443569878103631e+02
4.065481604747810707e+02
4.069154729296676010e+02
4.068432152290446311e+02
4.067552712775380428e+02
4.064912477820572008e+02
4.067941907239900843e+02
4.068882250435416950e+02
4.066393317884605949e+02
4.064138092749290081e+02
4.061688953774365700e+02
4.062195017334297518e+02
4.068822252446710195e+02
4.066841003071783689e+02
4.064609120217910458e+02
4.062299487162113110e+02
4.063604188214429200e+02
4.059813569834237228e+02
4.058972168275125796e+02
4.061306960555318710e+02
4.062522240038593964e+02
4.067314072372702753e+02
4.069764138079020199e+02
4.070098908938788895e+02
4.067164091967044328e+02
4.067466257818060740e+02
4.063662126456816850e+02
4.066444761707998623e+02
4.073725645316181385e+02
4.070888496016999056e+02
4.066909699325234442e+02
4.073360637772797190e+02
4.068253429854112255e+02
4.069194118230499271e+02
4.066619230846915798e+02
4.067691856482774142e+02
4.065364882110250164e+02
4.062089471250249062e+02
4.065062898408935439e+02
4.068511744013576958e+02
4.065616098913922087e+02
4.068782738600708626e+02
4.065989406863924387e+02
4.069148278023022272e+02
4.066507843367530199e+02
4.067990920633993710e+02
4.066875642241438982e+02
4.064593756320072089e+02
4.065621873732092695e+02
4.066849064883232359e+02
4.070414581132964145e+02
4.071376701975592027e+02
4.068829884343239200e+02
4.067143534745572424e+02
4.067850464985064605e+02
4.072672235202907132e+02
4.072556846384225082e+02
4.067239143219364905e+02
4.073232649253212116e+02
4.075437391049990765e+02
4.069289928885140739e+02
4.069925801189982622e+02
4.069636969167233360e+02
4.068175985919063464e+02
4.066363966985865090e+02
4.067175501026937354e+02
4.069853237962768731e+02
4.073961906652335756e+02
4.068893457325614236e+02
4.072838407267433354e+02
4.067718926968948381e+02
4.069868335524911913e+02
4.063017619730920273e+02
4.066997186617893476e+02
4.069341210703615843e+02
4.068213068953444349e+02
4.073048774093280713e+02
4.070839090422687150e+02
4.071146007102361750e+02
4.071073788563563767e+02
4.070439389733733719e+02
4.067843407205342601e+02
4.066495718156043608e+02
4.072239090985570442e+02
4.069734245504902219e+02
4.073449011117708096e+02
4.067658709717234728e+02
4.067524044686308571e+02
4.072136225968992562e+02
4.071643635856860328e+02
4.070341713805476047e+02
4.075029602619547404e+02
4.069853861247275404e+02
4.068738887838078995e+02
4.071125165720678183e+02
4.068501832708419101e+02
4.068154846050831566e+02
4.069504686231633741e+02
4.071862023114156841e+02
4.068123318411473406e+02
4.067273709004496709e+02
4.062908889317893113e+02
4.072038586961141959e+02
4.067509463768427622e+02
4.065992337253554751e+02
4.071994647664648141e+02
4.072312138201474454e+02
4.069253107609350764e+02
4.070585792606149766e+02
4.072817631419474083e+02
4.067202102454282908e+02
4.067742052386682303e+02
4.069454355065778941e+02
4.069131478417714902e+02
4.065977953222135284e+02
4.071606205951095490e+02
4.070614439004137921e+02
4.066831662499713502e+02
4.066476356417001625e+02
4.070773506695156811e+02
4.071208385775091756e+02
4.065554026712747486e+02
4.065339606187860682e+02
4.064443433200562481e+02
4.065009138640568267e+02
4.069369568419675147e+02
4.066380175558097108e+02
4.069538851577394212e+02
4.065043102702009037e+02
4.064183048954890296e+02
4.067577576882033554e+02
4.067811095968000927e+02
4.064693257676257758e+02
4.068510729325089414e+02
4.061851461726060961e+02
4.063702288429465739e+02
4.060602966545604318e+02
4.062964619171457343e+02
4.068276103520065590e+02
4.064078954500034797e+02
4.071158778975919859e+02
4.061650800943137369e+02
4.063012665721020085e+02
4.064294516040013718e+02
4.066919286744129067e+02
4.064144373718041265e+02
4.069103087626722868e+02
4.061270634971232880e+02
4.060225926962856420e+02
4.064725842803511568e+02
4.070187186689639134e+02
4.062829571945761131e+02
4.062821397850111111e+02
4.065829401867466686e+02
4.063980726517683024e+02
4.066003505774916107e+02
4.071641556964625579e+02
4.065559699470277337e+02
4.062058775780520818e+02
4.063457029547342927e+02
4.069108893952571862e+02
4.069657713206629523e+02
4.071611841581205340e+02
4.066946490346524570e+02
4.067696948623393496e+02
4.067378721165468392e+02
4.066952771872439598e+02
4.062970567381081537e+02
4.066070853148664241e+02
4.068611999153204124e+02
4.064673278879546956e+02
4.064741902832731171e+02
4.066780075236858920e+02
4.067571150091690697e+02
4.066607705603863678e+02
4.065515498740138014e+02
4.072580826241770069e+02
4.065274020349446005e+02
4.064488246852961311e+02
4.061451750018779876e+02
4.063906947590484720e+02
4.058245391384125469e+02
4.059069289042579385e+02
4.062982911814974045e+02
4.058998535365205953e+02
4.059855471769441806e+02
4.063703802170896324e+02
4.061797233560450877e+02
4.062209858006820014e+02
4.060073104173499132e+02
4.059800146489258736e+02
4.065226460643060591e+02
4.058275537793898025e+02
4.064063469045579495e+02
4.060248838961469460e+02
4.057748579363749286e+02
4.066491459656455163e+02
4.069077385060667780e+02
4.067162863714581817e+02
4.065663558893799063e+02
4.068551838847262729e+02
4.065654791253209623e+02
4.065950664222104365e+02
4.068620257980982160e+02
4.066028797211745882e+02
4.071643829868735338e+02
4.067080515446054392e+02
4.065739555198339303e+02
4.063633134399968867e+02
4.067502509950720651e+02
4.068937577980897800e+02
4.063611831050391743e+02
4.064602248591488660e+02
4.068642757008136073e+02
4.070845433579503947e+02
4.067474119047721501e+02
4.065490114849083056e+02
4.067659235745778119e+02
4.066552391868194718e+02
4.067280364197632139e+02
4.069467970597488602e+02
4.067678914402227406e+02
4.065099476560737912e+02
4.066104470530270305e+02
4.058368221037488865e+02
4.062577525889030881e+02
4.063860099392534266e+02
4.065562017781701343e+02
4.062773045437370456e+02
4.065418280223033207e+02
4.057396963911858165e+02
4.063587205841823220e+02
4.059013714790763743e+02
4.066686319660702225e+02
4.068598644741933867e+02
4.065048497897294624e+02
4.065648719473586539e+02
4.065550775736135733e+02
4.065442031189190288e+02
4.064526187798979322e+02
4.063169746327319558e+02
4.065058655952356617e+02
4.060362964054232862e+02
4.063270601419972081e+02
4.064370347965913766e+02
4.063263822590764107e+02
4.065798236946984048e+02
4.065351182081280399e+02
4.064174096744577014e+02
4.059346047780265963e+02
4.066024513488532079e+02
4.069189260006804716e+02
4.060630126276068381e+02
4.065342855956520793e+02
4.065228969995118860e+02
4.066734562691685255e+02
4.064419080787221219e+02
4.067180836888638851e+02
4.064031418105499824e+02
4.059485121028815229e+02
4.065964855954439372e+02
