-9.000000000000002442e-02
-4.500000000000001221e-02
-5.999999999999999778e-02
-4.499999999999999140e-02
-4.500000000000001221e-02
-5.000000000000001665e-02
-5.000000000000000278e-02
-1.000000000000000333e-01
-5.000000000000001665e-02
-2.650000000000002909e-01
-7.999999999999998779e-02
-7.500000000000003886e-02
-4.499999999999999833e-02
-3.499999999999999639e-02
-4.999999999999999584e-02
-3.500000000000000333e-02
-6.999999999999999278e-02
-6.999999999999989564e-02
-8.500000000000000611e-02
-3.999999999999999389e-02
-8.500000000000001998e-02
-5.500000000000001416e-02
-4.000000000000000777e-02
-5.999999999999999778e-02
-6.999999999999999278e-02
-1.249999999999998473e-01
-3.500000000000000333e-02
-8.500000000000000611e-02
-4.999999999999999584e-02
-5.999999999999999778e-02
-6.999999999999999278e-02
-5.500000000000001416e-02
-5.000000000000003053e-02
-3.999999999999999389e-02
-5.500000000000001416e-02
-3.500000000000000333e-02
-7.000000000000002054e-02
-8.000000000000000167e-02
-6.000000000000002554e-02
-1.599999999999999201e-01
-4.500000000000001221e-02
-6.999999999999999278e-02
-8.000000000000000167e-02
-8.000000000000001554e-02
-2.999999999999997113e-02
-5.500000000000000722e-02
-7.000000000000003442e-02
-1.149999999999999772e-01
-2.049999999999998768e-01
-4.000000000000000777e-02
9.500000000000001499e-02
-8.499999999999999223e-02
-5.500000000000001416e-02
-6.999999999999999278e-02
-9.500000000000000111e-02
-6.500000000000000222e-02
-1.387778780781445676e-17
-5.500000000000002109e-02
-1.249999999999998612e-01
-1.549999999999999711e-01
-5.500000000000000722e-02
-7.999999999999997391e-02
-6.000000000000002554e-02
-5.500000000000000722e-02
9.500000000000000111e-02
-8.000000000000000167e-02
-6.000000000000001166e-02
-4.000000000000000777e-02
-1.149999999999999356e-01
-4.000000000000000777e-02
-9.500000000000000111e-02
-9.500000000000011213e-02
-5.499999999999999334e-02
-3.500000000000000333e-02
-5.999999999999999778e-02
-2.500000000000000139e-02
-3.500000000000000333e-02
-5.000000000000001665e-02
-1.049999999999999684e-01
-2.999999999999999542e-02
-8.000000000000000167e-02
-5.500000000000002109e-02
-6.500000000000000222e-02
-5.000000000000000278e-02
-4.000000000000000777e-02
-1.749999999999994338e-01
-6.000000000000001166e-02
2.499999999999997224e-01
-6.999999999999999278e-02
-1.149999999999999356e-01
-4.499999999999999833e-02
-5.000000000000003053e-02
-5.500000000000001416e-02
-4.000000000000000777e-02
-5.000000000000000278e-02
-4.000000000000000777e-02
-4.500000000000001221e-02
-5.999999999999999778e-02
-4.000000000000000083e-02
-6.500000000000000222e-02
-5.500000000000002109e-02
-8.000000000000000167e-02
-4.500000000000001221e-02
-5.000000000000000971e-02
-3.000000000000000236e-02
-6.000000000000001166e-02
-4.000000000000000777e-02
-6.499999999999998834e-02
-7.499999999999998335e-02
-3.000000000000000236e-02
-5.999999999999999778e-02
-1.000000000000000056e-01
-6.499999999999998834e-02
-8.500000000000000611e-02
-1.000000000000000056e-01
-5.500000000000002109e-02
-8.500000000000000611e-02
-1.999999999999999348e-02
-8.500000000000000611e-02
-4.500000000000002609e-02
-9.500000000000000111e-02
-4.000000000000000777e-02
-4.000000000000000083e-02
-8.499999999999986733e-02
-6.500000000000000222e-02
-5.000000000000001665e-02
-8.000000000000001554e-02
-7.500000000000001110e-02
-5.000000000000000278e-02
-5.000000000000001665e-02
-7.000000000000000666e-02
-4.000000000000000777e-02
-6.500000000000001610e-02
-5.499999999999999334e-02
-3.499999999999999639e-02
-5.499999999999999334e-02
-9.500000000000000111e-02
-5.999999999999999778e-02
-4.999999999999999584e-02
-7.499999999999999722e-02
-6.500000000000000222e-02
-1.000000000000000056e-01
-8.999999999999999667e-02
-3.499999999999999639e-02
-6.499999999999998834e-02
-7.000000000000000666e-02
-9.500000000000000111e-02
-3.500000000000000333e-02
-5.000000000000000278e-02
-1.100000000000000144e-01
-4.499999999999999833e-02
-3.500000000000000333e-02
-5.999999999999999778e-02
-5.999999999999999778e-02
-5.000000000000000278e-02
-4.000000000000000777e-02
-6.500000000000002998e-02
-9.500000000000000111e-02
-4.500000000000001221e-02
-7.499999999999998335e-02
-6.499999999999998834e-02
-9.999999999999972800e-02
-4.500000000000001221e-02
-3.999999999999999389e-02
-7.500000000000001110e-02
-5.500000000000000722e-02
-6.500000000000000222e-02
-7.000000000000000666e-02
-5.000000000000000278e-02
-8.000000000000001554e-02
-7.499999999999999722e-02
-3.999999999999999389e-02
-6.000000000000000472e-02
-7.499999999999999722e-02
-8.999999999999999667e-02
-6.499999999999998834e-02
-6.000000000000002554e-02
-1.649999999999975930e-01
-5.000000000000001665e-02
-3.500000000000000333e-02
-3.499999999999999639e-02
-9.000000000000001055e-02
-7.000000000000000666e-02
-4.000000000000000777e-02
-3.500000000000000333e-02
-3.449999999999998623e-01
-4.500000000000001221e-02
-4.000000000000000777e-02
-6.000000000000000472e-02
-6.500000000000000222e-02
-8.000000000000001554e-02
-4.000000000000000777e-02
-6.000000000000001860e-02
-4.500000000000001221e-02
-9.500000000000000111e-02
-7.500000000000001110e-02
-5.000000000000001665e-02
-5.999999999999999778e-02
-6.000000000000001166e-02
-6.500000000000000222e-02
-2.249999999999997835e-01
-4.500000000000000527e-02
-4.499999999999999833e-02
-4.499999999999999833e-02
-5.000000000000000971e-02
-4.500000000000001221e-02
-1.499999999999999667e-01
-3.500000000000000333e-02
-5.499999999999999334e-02
-3.000000000000000236e-02
-5.500000000000000722e-02
-7.000000000000002054e-02
-4.500000000000001221e-02
-7.500000000000001110e-02
-4.000000000000000777e-02
-5.499999999999999334e-02
-7.000000000000000666e-02
-7.500000000000001110e-02
-6.999999999999999278e-02
-4.499999999999999833e-02
-8.499999999999999223e-02
-1.649999999999999523e-01
-4.500000000000001221e-02
-3.500000000000000333e-02
