-4.744996673968065459e-01
-4.666929581983778053e-01
-4.732718456097083082e-01
-5.196240781384807716e-01
-4.946572416501115455e-01
-5.721345210419901406e-01
-5.809078408259397142e-01
-5.182245032083886427e-01
-4.772270564405518556e-01
-5.291594472150280559e-01
-4.434374500026312393e-01
-4.607209427803508617e-01
-3.647937410552448134e-01
-3.616430349229566299e-01
-3.604501276141244825e-01
-3.450016061460735584e-01
-2.817114525357207744e-01
-3.413316691791293267e-01
-2.950833150638335622e-01
-2.447355078851091159e-01
-3.075480610886054955e-01
-3.009092712116794299e-01
-2.729776982474829694e-01
-3.335831669740496608e-01
-2.751816388722551077e-01
-3.530196751993746052e-01
-3.319416179875377404e-01
-3.460019144797173984e-01
-3.754641136641269639e-01
-4.235200338273165666e-01
-3.934961136380066282e-01
-3.959064232407970563e-01
-5.208895487391765888e-01
-4.859523885953300759e-01
-5.002822521433564207e-01
-5.728848128322286959e-01
-5.432416189077460267e-01
-5.532031966980794913e-01
-5.675700765385957025e-01
-5.445172585091082595e-01
-5.807581457456165719e-01
-6.023821054939606512e-01
-5.140957831034771441e-01
-4.959339110204778467e-01
-5.846768958044091802e-01
-5.348954095588166480e-01
-5.012465776709920107e-01
-5.719634474603716434e-01
-6.092876329687445525e-01
-5.380007938628335040e-01
-5.017174813431662939e-01
-4.580436312779614938e-01
-3.972251322319101385e-01
-4.252951062137106386e-01
-3.256807478049876803e-01
-2.808157975828510233e-01
-2.777320284227487446e-01
-2.124876539896478067e-01
-2.830770603539911057e-01
-2.225778905670408314e-01
-2.782034191555713964e-01
-2.636696710908356667e-01
-2.650056755121534269e-01
-2.629983278982511163e-01
-3.038451325803574465e-01
-2.826423771571133781e-01
-2.481668759437410943e-01
-2.342600866721846475e-01
-3.104169348603894041e-01
-3.561336469666581683e-01
-3.817873411815888018e-01
-4.109984859149000136e-01
-4.571815181227845692e-01
-4.605457609431750643e-01
-4.685617400244570518e-01
-5.393593190304283302e-01
-5.805144211308600477e-01
-6.152015777220041226e-01
-5.840100139557490300e-01
-6.447923995659259333e-01
-6.625758403630476190e-01
-6.156606056951635653e-01
-6.341805225961406611e-01
-6.718775564772244691e-01
-5.616248717530106793e-01
-5.617380309366782898e-01
-5.555820043814242437e-01
-5.346473386937464767e-01
-5.143191250319136820e-01
-4.731084999030648608e-01
-5.152990086433761885e-01
-4.750629674785677992e-01
-4.347597046275525901e-01
-4.604890865304179237e-01
-4.357109320420154419e-01
-4.145291923420264535e-01
-2.914388383071730981e-01
-2.591394589199053633e-01
-3.086075581071774931e-01
-2.251403272916336906e-01
-2.652960626698065427e-01
-2.338318667649799121e-01
-1.712222321287743265e-01
-2.041974525698927456e-01
-2.438209966238514548e-01
-2.094927021602027983e-01
-2.839242672483306973e-01
-2.435749387972402091e-01
-2.827870270303590727e-01
-2.446619902515780320e-01
-3.051635684448436581e-01
-3.792186312482226374e-01
-4.262771608024515935e-01
-4.319750110969187151e-01
-4.890082779869496243e-01
-5.679007570434443375e-01
-5.416713604637283241e-01
-5.266739796604255064e-01
-5.813746242768877970e-01
-6.068428940479042577e-01
-6.094816293407495644e-01
-5.653703638653494457e-01
-5.369949958712081362e-01
-6.090445261141975708e-01
-6.121852608230284876e-01
-6.444673880841388369e-01
-5.597232597010471933e-01
-5.462154306093270906e-01
-5.544859807993165468e-01
-5.495510955326488034e-01
-6.091757874614115442e-01
-5.154431346552749149e-01
-5.549886109625667974e-01
-5.504330098459065956e-01
-4.923089458237928095e-01
-5.315207525149462375e-01
-5.093870535664540844e-01
-5.232759672931912576e-01
-4.765294762190530053e-01
-3.397364610725196465e-01
-3.362660507258804499e-01
-2.556825613554760124e-01
-2.230510188906765501e-01
-2.227988410374047157e-01
-1.804882637863016170e-01
-2.248239229940700579e-01
-2.460892941292143754e-01
-1.889877299520620890e-01
-2.102175570123353265e-01
-2.399253578394825448e-01
-2.962661498894094692e-01
-3.036402221831429049e-01
-4.000000581887067641e-01
-4.311740206439042544e-01
-4.605047490326539816e-01
-5.158640221681862759e-01
-6.265839568723367003e-01
-5.709726832804590257e-01
-5.593773153508325713e-01
-5.341884819143077889e-01
-5.593255280076221414e-01
-5.520786708929674713e-01
-5.700381935192766480e-01
-5.229835638883777449e-01
-5.842175186551544774e-01
-5.801114983935344860e-01
-5.743351043021616142e-01
-5.960277110053086025e-01
-6.412947662300826357e-01
-6.127402422338560362e-01
-5.585484805806670838e-01
-5.801066916052383116e-01
-5.468283595885788939e-01
-5.103819678765618706e-01
-5.319446050194844844e-01
-5.404530181165260183e-01
-5.805084852326376499e-01
-5.788134499928445642e-01
-5.166829478928017805e-01
-5.998895094128952055e-01
-5.480277847662874402e-01
-4.266219652731451650e-01
-4.574951194137739097e-01
-3.371039915989133551e-01
-3.102487012069658490e-01
-2.800661483870524049e-01
-2.299093136705895601e-01
-2.357196489103587089e-01
-2.946340347598114251e-01
-1.916872651140299200e-01
-2.648884710604210713e-01
-2.263173511793291626e-01
-3.205798178496737649e-01
-3.307552330353515369e-01
-3.902195873052307640e-01
-4.559738279336466027e-01
-5.408196998605894201e-01
-5.276681276600557746e-01
-5.556087171988292051e-01
-5.061672655251041597e-01
-5.375604874018047319e-01
-5.707314407713437454e-01
-5.475968431954074678e-01
-5.910430498091769902e-01
-5.449757491286894018e-01
-5.765607184501546634e-01
-5.402208726965938013e-01
-5.811534909943341098e-01
-5.809960848331233718e-01
-6.470426636834291090e-01
-5.890777875436943312e-01
-5.455137006492891683e-01
-6.310854801360600286e-01
-6.140837559265811540e-01
-5.717783133207016144e-01
-4.929796537203454676e-01
-5.253006941401057173e-01
-5.205967507758890722e-01
-4.564927469194133836e-01
-4.815121440479704362e-01
-4.684982512569471624e-01
-5.234106247223000441e-01
-5.048119155494482646e-01
-5.098315765284285872e-01
-4.427136822970807462e-01
-3.790388654421152359e-01
-3.465036516623550278e-01
-2.764942224217375455e-01
-2.514684213188869144e-01
-3.084627039897449574e-01
-2.542138539026129740e-01
-2.677088536563356214e-01
-2.570533630303178385e-01
-2.453549524900654477e-01
-3.531106457521143160e-01
-3.695773403375809396e-01
-4.093680054276213065e-01
-4.561981411347506565e-01
-5.268594440165285109e-01
-5.831927933736820169e-01
-5.800011077566556983e-01
-5.950036158197734570e-01
-5.185611688057393254e-01
-5.297054313191154051e-01
-4.949753317016796217e-01
-5.271068267767615723e-01
-4.877536084451050136e-01
-4.962156664472731071e-01
-5.662030005526590415e-01
-4.816211106743298331e-01
-5.062243374033470467e-01
-5.330156649031184690e-01
-5.848924502144299264e-01
-5.800099290542470865e-01
-6.176178107537324546e-01
-4.919740814036583920e-01
-4.963772275779151921e-01
-5.298504095627174504e-01
-4.738252322974170205e-01
-4.399388299128126345e-01
-3.922873531270263392e-01
-4.563996139975610156e-01
-4.483921209048259415e-01
-4.798000532150645814e-01
-4.898648034281683494e-01
-4.309143408609578119e-01
-4.565764734200687958e-01
-3.973620228042545333e-01
-3.159012891231225417e-01
-2.854605289531360612e-01
-3.012077821096387220e-01
-2.031039442881065193e-01
-2.087159171779706945e-01
-2.500055905233526388e-01
-2.570108399801839250e-01
-2.921046075691203781e-01
-3.719050060133941016e-01
-3.519143938805793792e-01
-4.371147295361840768e-01
-4.496294789643451306e-01
-5.161022486260603559e-01
-4.677847704103349491e-01
-4.987887890782433109e-01
-4.898908265561904285e-01
-4.573068453078422135e-01
-4.613784380747315006e-01
-3.982544948112615724e-01
-4.207620724875502649e-01
-4.579064354770138179e-01
-3.997015572814798801e-01
-4.945895240162989093e-01
-4.568564880350759472e-01
-5.509743037651715358e-01
-5.761289979360052493e-01
-5.534865082068136655e-01
-5.421725052646197973e-01
-4.499005396948962399e-01
-4.619908816363993975e-01
-4.018918943236072794e-01
-4.202572731360524338e-01
-4.241817025449313161e-01
-3.990093964527661186e-01
-4.131162906953141367e-01
-4.585575369175214910e-01
-3.834142317625902074e-01
-4.085312414258526759e-01
-4.114064762584472845e-01
-4.018270830941346183e-01
-3.515173843843424351e-01
-3.211439280299935861e-01
-4.170418705951402516e-01
-3.733114433884494598e-01
-2.671824981129735099e-01
-2.362508108242580840e-01
-2.791966439780880216e-01
-2.342277733241217019e-01
-2.732213760333709884e-01
-3.047149877565514808e-01
-3.201761968200708131e-01
-3.838065998770353593e-01
-4.333876665340668510e-01
-3.760990734844577577e-01
-3.911604272290821749e-01
-4.788055900441097745e-01
-4.615048972840758990e-01
-4.740831037329397146e-01
-4.167790774274429122e-01
-3.979975070906138779e-01
-4.480732597656455485e-01
-4.307678254791116323e-01
-4.839131083489225937e-01
-4.204293544936160143e-01
-4.323606194961179816e-01
-4.371477189229727722e-01
-5.060358738577922511e-01
-4.837050836161472800e-01
-5.361065743041689702e-01
-4.452103956380004113e-01
-4.348405901472927604e-01
-4.276658151924662699e-01
-4.480446298072902067e-01
-5.218885338439975818e-01
-5.281458302420684037e-01
-4.906926784630017413e-01
-5.921242876298464797e-01
-6.108514985462857316e-01
-6.207943140884786271e-01
-5.559759855529812222e-01
-5.362033609488019437e-01
-4.569783505107312127e-01
-4.423276248485717432e-01
-3.511894572140538129e-01
-3.661875107468960944e-01
-3.134236803962212048e-01
-3.142327347922440062e-01
-2.225199088327619035e-01
-2.548079328964427126e-01
-3.442161274473586330e-01
-2.875982231156866131e-01
-2.987521077926945101e-01
-4.159318643370339963e-01
-4.561151559280401946e-01
-4.689791214974444178e-01
-4.359130307953422712e-01
-4.369226925398490557e-01
-4.642928145601308842e-01
-4.974006633474725714e-01
-5.508935721235682648e-01
-4.826573434357735448e-01
-5.655682783690902937e-01
-4.910660398278368088e-01
-5.120444176374496781e-01
-4.672056922541197865e-01
-4.616475136029687398e-01
-4.271225648444359480e-01
-4.267825889767269953e-01
-4.179732079768690434e-01
-5.128313860331532581e-01
-4.896471446774185443e-01
-4.528284163427410691e-01
-4.760942366277255977e-01
-5.168329548915718830e-01
-6.204588268279386254e-01
-5.941977994018635689e-01
-5.792854299105867355e-01
-5.568432034999877267e-01
-6.329723797215300873e-01
-6.685645131137210040e-01
-6.222832845574982619e-01
-5.774735140969705638e-01
-4.887844807242209266e-01
-5.058239741815044876e-01
-4.573229141657023655e-01
-4.550381463251079173e-01
-3.543506276991612580e-01
-3.914650781898606491e-01
-3.058351496458110996e-01
-3.729802998623306109e-01
-2.975030482822099698e-01
-3.922044219959346378e-01
-3.702228876274062386e-01
-4.019351686829282788e-01
-4.640207208168550812e-01
-4.426693875926600574e-01
-4.529018189956544038e-01
-5.150147508782135786e-01
-4.636901426999295306e-01
-4.067677853259321630e-01
-5.258299402261388256e-01
-6.156650432602367440e-01
-7.215350246532118428e-01
-7.470637787514802231e-01
-6.977340627254523531e-01
-6.076033081729297347e-01
-6.086769860722692771e-01
-5.621223888158728421e-01
-4.989888845360214709e-01
-5.618652622647855033e-01
-4.427822660936214794e-01
-4.453650841922521253e-01
-4.736190107937646165e-01
-4.691615785937045535e-01
-5.197285366067516676e-01
-6.168685474291220050e-01
-6.144380645365856708e-01
-6.403828363379853172e-01
-6.449883436087764377e-01
-6.502843270185633129e-01
-7.022461817199079359e-01
-6.806242127479074089e-01
-6.269230165218676598e-01
-4.669070208486357232e-01
-4.942053441594029817e-01
-5.230875680537578898e-01
-4.984787294491369591e-01
-5.163200302736959957e-01
-4.632370471371644594e-01
-4.476544282964977639e-01
-4.238028195106287033e-01
-3.759467867066501046e-01
-4.043307609232884570e-01
-4.158031866719127390e-01
-4.495404936947873242e-01
-5.024061837094192517e-01
-5.264653592950060412e-01
-4.796573900915821476e-01
-4.240275074537093181e-01
-4.482302968770083829e-01
-4.517448941270973961e-01
-4.353066734861645304e-01
-5.524976358417736932e-01
-6.711278594177620960e-01
-7.671571203124719629e-01
-8.031124997191957382e-01
-7.880062533176631634e-01
-7.732243800681559698e-01
-7.798354448337772027e-01
-6.591261874536734622e-01
-6.356815645508852031e-01
-5.272108296709783204e-01
-5.238003581197826497e-01
-5.111899696543652505e-01
-4.146722312444437453e-01
-5.400098789333148686e-01
-5.592828246572179030e-01
-6.191086147281951169e-01
-6.495483531046625236e-01
-5.560501071443761933e-01
-5.655600384384682489e-01
-6.648583302167708764e-01
-6.264611900196498384e-01
-5.833449695158109405e-01
-5.604365950007756947e-01
-4.656939613729334515e-01
-5.205395554858557317e-01
-4.415988690348858214e-01
-4.248409518638317506e-01
-4.261081215806252209e-01
-4.438913505634058954e-01
-5.165473143327632410e-01
-4.712865625272933401e-01
-5.151718884448840408e-01
-4.678973148195926246e-01
-5.288866085879049272e-01
-5.193499726520395265e-01
-5.482884347959621207e-01
-5.764343861689399384e-01
-5.125395435369323183e-01
-3.993979801247655725e-01
-4.835094698551989367e-01
-4.858677780124154300e-01
-4.716297060428535359e-01
-5.687997087674812047e-01
-6.651939256737927630e-01
-7.053853424195433153e-01
-7.782322672893255966e-01
-7.413804187860828510e-01
-6.248555978717966752e-01
-6.124433539061060472e-01
-7.145649347402852625e-01
-6.608682299567948393e-01
-5.881362960462409584e-01
-4.976663236017616065e-01
-5.025121700134844716e-01
-4.565940309335431713e-01
-5.080234708032286273e-01
-5.506361283050187350e-01
-5.004398524765829581e-01
-4.805596513940182946e-01
-4.879828901646912076e-01
-5.230027475783943780e-01
-4.766844030742579119e-01
-5.938221766078820574e-01
-4.899706196474176711e-01
-4.697159790458925177e-01
-4.740742722807093079e-01
-4.575840359203154351e-01
-5.227765504448225187e-01
-3.939472092951206705e-01
-5.063618108112233340e-01
-5.212568931103990222e-01
-5.892741750325878325e-01
-5.054628963893702531e-01
-5.833452258671767421e-01
-5.030391138095813286e-01
-5.713043922887655057e-01
-5.963448572467192621e-01
-6.200826519312451213e-01
-5.601308585446170829e-01
-5.002287750889683471e-01
-4.925829037109881736e-01
-4.681775110621202440e-01
-4.629960726975081986e-01
-4.427386104846726678e-01
-5.265568547111059150e-01
-5.827337096035593023e-01
-6.337406456861864879e-01
-5.415216726337011011e-01
-6.099596814268337663e-01
-5.184679031934414928e-01
-5.444258295128381331e-01
-5.603565355908101120e-01
-6.282073525551297166e-01
-4.742943231284243999e-01
-4.956214100355501584e-01
-4.737085782623897123e-01
-4.501644997501392242e-01
-4.882807686784632617e-01
-4.546026433975839942e-01
-4.346737612040548204e-01
-5.379501758124491939e-01
-4.759684960497398420e-01
-4.538094145140466051e-01
-5.085109161047965953e-01
-4.372293595081936379e-01
-4.909339509986398453e-01
-4.554113726272671081e-01
-4.505255145520036253e-01
-5.091398782187993577e-01
-4.327050729477399105e-01
-4.781848211773125912e-01
-4.294364175416214846e-01
-5.439250825369288389e-01
-6.535332479586858367e-01
-5.943502650373442275e-01
-6.677703582169713936e-01
-6.077000028107881757e-01
-5.993252607499923723e-01
-6.769671000354303692e-01
-5.886654586700477143e-01
-6.175887036204752434e-01
-5.719965453295426938e-01
-4.812982422402840021e-01
-5.220825620363834796e-01
-5.314734243999637009e-01
-4.938057767688003308e-01
-5.259523757618942419e-01
-5.693186789366492251e-01
-4.917160188635666396e-01
-5.742754133533972682e-01
-4.579265176507375523e-01
-5.278718400718297454e-01
-5.384162095515724333e-01
-5.001211390404822765e-01
-5.880511495628731877e-01
-5.040973067075108505e-01
-4.838935939818008181e-01
-4.113715331519375851e-01
-4.371808227449529571e-01
-4.175149071119786948e-01
-3.762098494893906797e-01
-3.946486892181853001e-01
-3.548316170582605511e-01
-3.992873099523576719e-01
-4.091889868225329074e-01
-4.303734221649790914e-01
-4.487811855229723035e-01
-4.363797802938747528e-01
-4.168444931323902480e-01
-4.463632413657765419e-01
-4.581647353152487612e-01
-4.364760452626395004e-01
-5.466066248873167055e-01
-5.679246751902323753e-01
-5.729197368628059506e-01
-6.227612764819446811e-01
-6.282426769626440199e-01
-6.393157600328076562e-01
-6.091255526057721692e-01
-6.985172844869151909e-01
-6.350936866526891711e-01
-6.753061442730231567e-01
-6.684290395357285197e-01
-6.438290252121701140e-01
-5.665152580281341832e-01
-5.047516370459707025e-01
-5.110807554484222415e-01
-4.760074654944054240e-01
-5.172557520586814617e-01
-4.521443666674718753e-01
-3.795319378937917487e-01
-4.406789153898557632e-01
-3.914735368300357177e-01
-4.219596790150269006e-01
-4.412035979246455852e-01
-4.348391481455362029e-01
-4.571359188347940417e-01
-4.487873617984801666e-01
-4.719863537473708015e-01
-4.458009813338498217e-01
-3.807596077543930480e-01
-4.096249327091826542e-01
-4.076211702286629546e-01
-3.606124054875209928e-01
-2.967034973214821014e-01
-3.629922712256060113e-01
-2.902509719176070702e-01
-3.092120232743168495e-01
-2.899689285865185706e-01
-3.826397964506916827e-01
-3.622181519362206448e-01
-4.424143397017492041e-01
-4.230580132771380453e-01
-4.529458833108245819e-01
-5.070732832491129383e-01
-5.960033511065154777e-01
-6.216769259010869186e-01
-6.522877214879065910e-01
-6.040609627931965431e-01
-6.229909410409903980e-01
-6.227630222495483814e-01
-6.259568115943626720e-01
-6.512124624482358293e-01
-7.308831677659943793e-01
-6.519607948716460433e-01
-6.433949772969957959e-01
-5.846267180196119684e-01
-5.803911789387576903e-01
-5.162934165591271940e-01
-4.604015924613365507e-01
-4.435178850166364151e-01
-4.328876864076653952e-01
-3.763220497844779189e-01
-3.662743011058205989e-01
-3.955021820959391810e-01
-3.392545222806076510e-01
-3.307186811532315529e-01
-4.144717186144037946e-01
-3.653516572233163617e-01
-4.464910384355988415e-01
-4.118009421095763511e-01
-3.713774021795525071e-01
-4.134049140269703826e-01
-3.638047225683015418e-01
-3.872201988116198423e-01
-3.132298023184005853e-01
-3.244968980933996550e-01
-3.276322513876334663e-01
-2.955274921324905768e-01
-2.728889084664015696e-01
-3.357637164340063207e-01
-3.790430028039794563e-01
-3.426750851908912376e-01
-4.313581816771721034e-01
-4.341760522625858765e-01
-4.999654705263269494e-01
-5.133236437688057929e-01
-5.972054214839400688e-01
-6.219747411873861598e-01
-6.181646523934282156e-01
-6.811776746423952034e-01
-6.194396830244447427e-01
-6.507040200626421633e-01
-6.615714885120599353e-01
-6.831580421362972722e-01
-6.761365739538746089e-01
-6.296495792337817310e-01
-6.238772192555617213e-01
-6.109144737503502398e-01
-5.280059117907058841e-01
-4.566473987802568968e-01
-4.747328509714112132e-01
-4.889686134746695778e-01
-4.555562591486049806e-01
-3.509861070055050880e-01
-3.768942137911755474e-01
-3.021830388846553084e-01
-3.388693370247014003e-01
-3.363168368064711755e-01
-4.064803461157348030e-01
-3.700580323183743081e-01
-4.082949889939435639e-01
-4.059015082509184191e-01
-4.376453989576316039e-01
-4.234149570253891715e-01
-3.861316975104019389e-01
-3.835595362542080777e-01
-3.161116505252677955e-01
-3.168935030805976605e-01
-3.069990578767908262e-01
-2.757583588728489410e-01
-3.122441233480254263e-01
-3.006063455448968469e-01
-3.610371875081279658e-01
-3.651948647064516273e-01
-3.830816142548648107e-01
-3.745672599723434693e-01
-5.787480283347581356e-01
-6.213689954273379223e-01
-6.140184674766768769e-01
-6.813571099613997539e-01
-7.167870231610354859e-01
-7.065468497546383286e-01
-6.297174579520969928e-01
-6.346969731734952713e-01
-6.766155985779103155e-01
-6.739926282563492022e-01
-6.301771507183313581e-01
-6.476572523803708625e-01
-6.630088893567421815e-01
-6.310432879272279694e-01
-5.808400568771446837e-01
-5.505129181004858596e-01
-4.679688902805420048e-01
-4.136386055653593630e-01
-4.106580961159758125e-01
-3.568145246889566913e-01
-3.290146353418773040e-01
-3.546132396254770280e-01
-3.508773583969889698e-01
-3.048427514378365122e-01
-3.193831587001514372e-01
-4.010036180217619317e-01
-3.548221721512831994e-01
-4.180688828264104706e-01
-3.805218497819838896e-01
-4.462122193480097532e-01
-4.134288811541959041e-01
-3.544495658002858041e-01
-3.947693502147762712e-01
-3.097192788746515046e-01
-3.190536915797522188e-01
-3.484358058542669223e-01
-3.252846984500201710e-01
-2.981609889418355697e-01
-4.056643498021402783e-01
-3.908067507322045553e-01
-4.366369108248851494e-01
-4.335674394609406734e-01
-5.212522515389418354e-01
-6.150006253117784594e-01
-5.821031598837711485e-01
-6.600781389537357935e-01
-7.301816714521109919e-01
-6.178520398749501874e-01
-5.984878953350654118e-01
-6.609158974450813906e-01
-6.534407011890698280e-01
-7.126669973854095064e-01
-7.040455175863120640e-01
-6.729752249341000025e-01
-6.105966620951426282e-01
-6.268188749643488489e-01
-5.967094738595457581e-01
-5.520202719467726116e-01
-4.449752034488222430e-01
-3.763901643903297956e-01
-3.619567683385638279e-01
-3.854204289847243392e-01
-2.735933186998998901e-01
-3.352059851381812838e-01
-3.428823003634842714e-01
-3.571735887441897517e-01
-4.103320643387293187e-01
-3.778864578040073696e-01
-4.131874255518660499e-01
-3.702779559824341815e-01
-4.025082505689441259e-01
-3.900305388902065573e-01
-4.292514532503147184e-01
-4.189500679329642430e-01
-4.011522859150803422e-01
-3.714089493961140187e-01
-3.012707834609496538e-01
-3.373185939379126363e-01
-4.117502780005160012e-01
-3.060846679136513537e-01
-3.329112272975556786e-01
-4.257077645590331416e-01
-4.092979093235205590e-01
-4.274470943062015915e-01
-4.990470531376713925e-01
-5.804376383351672608e-01
-5.846286550559047779e-01
-6.587149787912059962e-01
-6.779448343425110712e-01
-6.367501204382352009e-01
-6.273079217779480299e-01
-6.601054702779657335e-01
-6.955986443246217066e-01
-7.259406253939373332e-01
-7.274882761495991002e-01
-6.726335347400022036e-01
-6.762788333984696143e-01
-6.035144795776959947e-01
-5.706586278132539380e-01
-5.150802291757389240e-01
-4.191433045081056630e-01
-3.939025860957217073e-01
-4.055055590116675712e-01
-3.605507026015934424e-01
-3.826256103667899366e-01
-3.218472855497359064e-01
-3.053826334377658935e-01
-3.049664044929140116e-01
-3.574914344592957094e-01
-3.690688575662687820e-01
-4.148480049501429012e-01
-4.218595537005273566e-01
-4.102339476483592984e-01
-4.073135003098197759e-01
-3.883069477091291022e-01
-3.214991537031645086e-01
-4.125376764938877838e-01
-3.862545738962792630e-01
-3.900606645539080319e-01
-3.578523298375860806e-01
-3.550789955639861994e-01
-3.494726603234390439e-01
-3.699621585557026360e-01
-3.958995660977690512e-01
-4.477069075123999986e-01
-4.416606163387936101e-01
-5.671336630930264855e-01
-6.155737418537720052e-01
-6.715426169419231872e-01
-6.374606292272863017e-01
-6.638412328077047952e-01
-6.393577515411038581e-01
-5.508642075223738610e-01
-6.355136383790708221e-01
-7.155383863910024234e-01
-6.138302420501715595e-01
-7.119059330551259501e-01
-6.692032747873033482e-01
-6.045406920819771379e-01
-5.995278617536975441e-01
-5.106496209487649818e-01
-5.327344490711127811e-01
-5.079056231988252623e-01
-4.992187551819228242e-01
-3.855114772831007008e-01
-3.297096169133604815e-01
-3.482171369533363925e-01
-3.513379873177238100e-01
-3.443600101825170512e-01
-2.813670230390468707e-01
-4.037382207124677880e-01
-3.773662775106876310e-01
-3.616124088793651881e-01
-3.468543008440027053e-01
-3.708144287576858877e-01
-3.808352759329407533e-01
-3.869377717119897309e-01
-3.694770022439440860e-01
-3.457333877308907955e-01
-3.432425242401223042e-01
-3.724913180703824378e-01
-3.779113773616511462e-01
-3.849817046505522589e-01
-3.906745726253464945e-01
-3.913443414724577241e-01
-3.680564754472194222e-01
-4.008372157301146044e-01
-4.884584388470843419e-01
-5.276874006492123792e-01
-5.558524065217909094e-01
-6.078924513611001501e-01
-5.850864540198731367e-01
-5.940176373769872065e-01
-5.843040149256709670e-01
-5.632805783612221395e-01
-5.371300333376995972e-01
-6.215887099066585986e-01
-5.728365057448713271e-01
-6.424144588565965375e-01
-5.990026802793066985e-01
-5.732062842468983455e-01
-5.507628368160033538e-01
-5.039290494015533639e-01
-4.783917001534014335e-01
-4.761367207166664617e-01
-4.629029962027155776e-01
-4.425438495240734960e-01
-4.010299483689010458e-01
-4.021462435091480159e-01
-3.466021898507639087e-01
-2.955003795458970850e-01
-3.055059890985747928e-01
-3.283762686042679402e-01
-3.440246603969198680e-01
-2.962227650686492519e-01
-3.643405631097775821e-01
-3.862461403132060878e-01
-3.278343371869336109e-01
-3.516860872398349658e-01
-3.467435557349022313e-01
-3.547947524425625332e-01
-3.522329625275815168e-01
-3.482511738437711890e-01
-3.125510303518194144e-01
-3.760322688467804264e-01
-4.228009764629110934e-01
-3.735262395980280536e-01
-3.491351405515341622e-01
-4.719190518748305196e-01
-4.027200807508449776e-01
-5.286063135904874866e-01
-5.902661476400489216e-01
-5.276989421956236326e-01
-5.485177924716144737e-01
-6.121862786040850324e-01
-4.883374234264961089e-01
-5.049451761834387042e-01
-5.033701943520018096e-01
-5.188787292126901818e-01
-5.817411440609393525e-01
-5.811688720489015525e-01
-6.086809752218497183e-01
-6.217773190861392019e-01
-5.807504241469734207e-01
-5.502618353394139739e-01
-4.492482461480478140e-01
-3.612243209210823647e-01
-3.947202965028049348e-01
-3.362926894122678645e-01
-3.655694622984881348e-01
-3.770090793877509117e-01
-3.756627026522090240e-01
-3.554027149891011428e-01
-3.412746950530551326e-01
-2.902707498229111782e-01
-3.062728099329240505e-01
-3.201803991919717207e-01
-3.655531353662869187e-01
-3.582127875983834309e-01
-4.256939860129126396e-01
-3.866819675207864848e-01
-3.550806855463726763e-01
-4.219024144256727227e-01
-2.996433262926478935e-01
-3.296660986977162366e-01
-3.230162204738141751e-01
-3.517643687862770929e-01
-3.701659150996872705e-01
-4.049753167232768014e-01
-4.308648150283287959e-01
-3.853689360771204164e-01
-4.872641467128378534e-01
-5.363365276759051170e-01
-5.413192066149666859e-01
-4.965237127101280179e-01
-5.539000502961989314e-01
-5.824739662424085473e-01
-4.599034451065861506e-01
-3.307502620384303871e-01
-4.085862042898080193e-01
-3.473176300605246292e-01
-4.663780264326131131e-01
-5.401647743904623988e-01
-5.989534586791298576e-01
-5.945774800468389687e-01
-6.213626266366826245e-01
-5.387795971079931689e-01
-4.356547285142016723e-01
-4.056977479787591268e-01
-3.992129077715423913e-01
-4.010739522201534624e-01
-3.879994997254306854e-01
-3.922176142629841822e-01
-4.043257004484128170e-01
-3.545693517275230189e-01
-3.338397964201646473e-01
-2.983007852450769160e-01
-3.253380991462446192e-01
-3.301121902759335813e-01
-3.151062636958008034e-01
-3.660187894990608037e-01
-4.051997079571236782e-01
-4.160035577129152506e-01
-3.560595803347960664e-01
-3.654845930905314955e-01
-3.411246820571183225e-01
-3.347821160047592115e-01
-3.606808976283004120e-01
-3.691956488976583795e-01
-3.119143514759535329e-01
-3.690247960077794875e-01
-3.937167847383462593e-01
-3.703704141149085083e-01
-4.509512316479393768e-01
-5.668303508863145046e-01
-5.021396221644039981e-01
-5.066972536542306838e-01
-6.492224502570753675e-01
-5.364228057941694550e-01
-4.446805307093119608e-01
-4.231693196464347828e-01
-3.597691566297963606e-01
-3.590687478946743560e-01
-4.930604777382464610e-01
-5.286347836269104095e-01
-5.715603994040453495e-01
-5.906937620479527640e-01
-6.022996382252689962e-01
-6.468331021874939024e-01
-5.023931054717556410e-01
-4.486933931344911919e-01
-3.817465143792845850e-01
-3.607389620620676807e-01
-4.025710035397782605e-01
-3.615490424975227879e-01
-3.263022693061336521e-01
-3.258232877080671774e-01
-3.379403820438573458e-01
-3.174202545302725609e-01
-3.725778612767191578e-01
-3.114207081848310854e-01
-3.622745373261810342e-01
-3.768711852738217405e-01
-3.562936572466991469e-01
-3.555304386550695583e-01
-3.277495539842150696e-01
-3.158700902166560187e-01
-3.367864418801194692e-01
-3.290992332892659911e-01
-3.116744558817372002e-01
-3.075129536324903712e-01
-3.460378492819545238e-01
-2.858226109314122576e-01
-3.402841767327327016e-01
-4.196608549946914124e-01
-3.859128774894923786e-01
-4.983901374412659235e-01
-4.787304004135579105e-01
-5.161271431195509907e-01
-6.475159149873259690e-01
-4.830386783078440827e-01
-4.104028461693133290e-01
-3.518309278882608693e-01
-3.561819015596420224e-01
-4.131188714709188581e-01
-5.311082278837914172e-01
-5.791950490508240845e-01
-6.179565492804899307e-01
-5.952997574769702815e-01
-5.750876304429799468e-01
-7.092188319626199222e-01
-5.755996901936737409e-01
-4.636530189645897693e-01
-3.022194143048029247e-01
-4.121757624702800937e-01
-3.673332136993005537e-01
-3.311117084256459120e-01
-2.629467474531914650e-01
-2.964216518893009189e-01
-3.253909350102496822e-01
-3.451641361560323085e-01
-3.801906703236956897e-01
-3.320113676568513528e-01
-3.610160443167904631e-01
-3.856588486422705686e-01
-3.944100036725650127e-01
-3.647426415875459904e-01
-3.433030565738427464e-01
-3.469829012258475731e-01
-2.676148693398237022e-01
-3.706271447042273071e-01
-2.924503291497321800e-01
-2.646066074941323953e-01
-3.420892355905432169e-01
-2.856777841310619293e-01
-3.057048132953812392e-01
-3.858292339327870635e-01
-5.158991793460344644e-01
-4.321998817957250494e-01
-4.377496590077264993e-01
-5.265541561001625404e-01
-5.385064161856802922e-01
-5.672375706979918553e-01
-3.949969122061869342e-01
-3.609794713868644256e-01
-4.180121316400172704e-01
-4.536356525677164853e-01
-5.924610537617412964e-01
-6.366989730692076410e-01
-6.319166325176667209e-01
-5.552871864685142711e-01
-5.124816838905204008e-01
-5.456396070791370567e-01
-4.535408200374297927e-01
-4.068355844586744596e-01
-3.278116014510897291e-01
-3.828388582151043273e-01
-3.500121012343653248e-01
-3.528078019061102188e-01
-2.764391375144213958e-01
-3.154481942179561682e-01
-3.317018950848492076e-01
-2.850865751131759773e-01
-2.786613447819105693e-01
-3.816437857301272496e-01
-3.789296563557308373e-01
-3.758523161889329445e-01
-4.263156934761135330e-01
-3.433084345150142491e-01
-3.321935247824832071e-01
-2.909018552018727277e-01
-3.145968726390964698e-01
-2.987515022150154520e-01
-3.065594790035513495e-01
-3.068572171853652386e-01
-3.093429857596315946e-01
-2.746066798386783137e-01
-3.516975362411864370e-01
-3.660787663884807475e-01
-5.261983591827095186e-01
-5.052844502184280495e-01
-4.703994692803312727e-01
-5.372314787641672140e-01
-6.372145278878859065e-01
-5.793149874473366712e-01
-4.856922759937667422e-01
-4.075952152992418642e-01
-4.453321764572973351e-01
-4.781277088844758660e-01
-4.968659280396433009e-01
-5.782155066408825039e-01
-5.323471475731456071e-01
-5.703394914022228424e-01
-5.208616476525484984e-01
-4.636188454839772488e-01
-5.157442543449427541e-01
-4.363228534428145178e-01
-3.452800117095174981e-01
-3.266034514240913622e-01
-3.224782817951947766e-01
-3.312572251036143278e-01
-3.363670897657169978e-01
-2.890913484287754298e-01
-3.511292732975712094e-01
-3.058748748697683872e-01
-3.515976035880536421e-01
-3.498327572417077591e-01
-3.776692567270744649e-01
-4.253284714672129763e-01
-3.905206825317095731e-01
-3.764128198982251705e-01
-3.066134421051303627e-01
-3.335824112920607876e-01
-3.573899372846033873e-01
-2.913777336393499340e-01
-3.360003974930375614e-01
-3.021566181283045216e-01
-3.043581254449853613e-01
-2.425283143065528335e-01
-3.832715976458066498e-01
-4.283528743702638697e-01
-5.080913215461190235e-01
-5.363787856418548161e-01
-4.648744040438793634e-01
-4.811239896315697706e-01
-5.399765122137399898e-01
-4.215755165955633044e-01
-4.394654308124500419e-01
-3.648363182209580780e-01
-3.698724725338640718e-01
-3.858932698525449623e-01
-3.923154376804303123e-01
-4.612895435989211035e-01
-4.918701499574031355e-01
-4.773997856851925903e-01
-5.582721153422152138e-01
-5.481759892605014839e-01
-5.704658056188701698e-01
-4.486118267744476640e-01
-4.433308938070865679e-01
-3.163305420353504371e-01
-3.046453013458388925e-01
-3.425462866693513853e-01
-3.654671520716457067e-01
-3.672412624705700956e-01
-3.474950098558656220e-01
-3.225956237882667832e-01
-3.137086024804964235e-01
-3.553960088269241813e-01
-3.629137157066444908e-01
-4.033243426390026865e-01
-4.332182762435084489e-01
-4.278554647903110575e-01
-3.799106398505680549e-01
-3.163053049074371348e-01
-3.232676256220003430e-01
-2.645913576622641594e-01
-2.844582355411300334e-01
-2.643668473691070386e-01
-2.312259313341318845e-01
-3.000899181601325849e-01
-3.811256039506414339e-01
-4.281224703100134366e-01
-5.353591344303899602e-01
-5.909153151593988795e-01
-5.307899330043690522e-01
-4.796307194172543253e-01
-4.038911006873772136e-01
-4.195368356674477051e-01
-4.225329926074572473e-01
-3.675101795687877870e-01
-3.523903576082179079e-01
-3.118016941112561335e-01
-3.579704744725447085e-01
-4.683072309854057202e-01
-4.782995883768534906e-01
-5.221953059163763067e-01
-5.632085732379277232e-01
-5.184980105280736495e-01
-5.368390766642132661e-01
-4.718830578850574664e-01
-3.918709691612889956e-01
-3.718466013897895883e-01
-2.856209751428853694e-01
-2.534832725117406871e-01
-3.319483329622996970e-01
-3.008040026134393696e-01
-3.138019203970880411e-01
-3.082165810712062526e-01
-3.363675989567358471e-01
-3.325801859948911976e-01
-3.516864204592994869e-01
-4.077567970106554807e-01
-3.829434301809879759e-01
-4.490273510116775113e-01
-3.391315324422941035e-01
-2.874439080020859127e-01
-3.515255524051684732e-01
-3.209224537510732556e-01
-3.028310775513473607e-01
-2.347088703884263328e-01
-2.442002234401004779e-01
-3.462150026361018318e-01
-4.112752764112926340e-01
-4.953245066900146543e-01
-5.177603500550730375e-01
-5.190364695423755892e-01
-5.581570110141902408e-01
-4.941128261957883905e-01
-4.134532133349059779e-01
-3.564409218291810233e-01
-3.084721742029761793e-01
-3.697942902130577081e-01
-2.922681914909738277e-01
-3.718671888361578803e-01
-3.690113452884864476e-01
-4.129520974619293461e-01
-5.085782858591734179e-01
-5.496156499459481370e-01
-5.285843315442069201e-01
-5.267670369097391392e-01
-4.836080928019780845e-01
-4.732546806644702952e-01
-4.819171693603879758e-01
-4.572723999345546519e-01
-3.757906683459604769e-01
-2.972857618628586551e-01
-2.736887952395513079e-01
-3.562168782560042324e-01
-3.444957139970753479e-01
-3.116653417930116410e-01
-3.109226247172807156e-01
-3.797917301257724976e-01
-4.183453424601376036e-01
-4.165256192442838290e-01
-4.650227838183962903e-01
-3.914310187282695752e-01
-4.003703116869828382e-01
-3.246814512800789698e-01
-2.949208167682416115e-01
-3.340022568731556007e-01
-3.313027568390394251e-01
-3.251614220218704276e-01
-3.206760663155903135e-01
-3.798469128179078336e-01
-4.445509432728101396e-01
-4.734266844930007934e-01
-5.855021659933167255e-01
-5.708218359307795087e-01
-5.417375839384062086e-01
-4.792827064512269475e-01
-4.755023412847905195e-01
-3.635846287752251826e-01
-4.141823793309138968e-01
-3.665059194549486477e-01
-4.133507923026638609e-01
-4.231183230436869613e-01
-4.555738182716945195e-01
-5.049805254989166992e-01
-5.648725968950888410e-01
-5.272384607179141369e-01
-6.078365543070725074e-01
-5.588115381525601277e-01
-6.288863440227931978e-01
-5.299275255403900209e-01
-5.188935841861568310e-01
-4.654484457754877735e-01
-3.801940360009117281e-01
-4.038747186274517231e-01
-3.834253513110439937e-01
-4.003761701876122348e-01
-3.500082710928222873e-01
-3.449793952259782026e-01
-3.589683259437017604e-01
-3.680011180534812354e-01
-3.827233541256945260e-01
-4.376022920646846504e-01
-4.213679575957817169e-01
-3.823332409985326086e-01
-4.069601167930235741e-01
-2.854718641138166979e-01
-3.759224771277049904e-01
-3.462561332707922435e-01
-3.710274206416879772e-01
-3.853656213248639606e-01
-4.128290031975569985e-01
-3.526119328987654122e-01
-4.772943922218800261e-01
-4.732795523193907283e-01
-4.933392196639329597e-01
-5.096435550993545505e-01
-5.757043973730269215e-01
-4.985307790607359513e-01
-4.933532130348781686e-01
-3.375997317944725573e-01
-4.136111831746637213e-01
-3.668928380299170677e-01
-4.454742085975307297e-01
-3.619651242511218170e-01
-4.118070190497442606e-01
-4.596144936112422363e-01
-5.640717449390409977e-01
-5.392782799976482133e-01
-5.011865920304655608e-01
-5.587076048006265339e-01
-5.064459497405040533e-01
-5.353390251800288491e-01
-4.870270924904259169e-01
-5.022017970155460143e-01
-4.905591506625911480e-01
-4.158450360462289108e-01
-3.386600664256791404e-01
-3.992408882018236849e-01
-4.187835835689545094e-01
-3.478234857305532168e-01
-3.549921515040453390e-01
-4.506358382904996907e-01
-4.636091475662004746e-01
-4.709521127395280837e-01
-4.291648401701144699e-01
-4.214146772656572337e-01
-3.956376734939129336e-01
-3.967093865444515366e-01
-4.220335720580902228e-01
-3.080854391397501724e-01
-3.535436008538161423e-01
-3.972689611589571568e-01
-3.423618955415655418e-01
-3.583445470134268285e-01
-5.135768335478612112e-01
-4.491110950109798994e-01
-4.862582516479729278e-01
-4.854157747652483867e-01
-4.821936388578330623e-01
-5.666704464941537678e-01
-5.049862652739732782e-01
-4.758977713903942974e-01
-4.336325974923187498e-01
-4.257545330782093740e-01
-4.526990968656249836e-01
-4.565269259153509895e-01
-5.287765972767355382e-01
-4.846870136101995019e-01
-5.122904391433799054e-01
-5.374956705202110774e-01
-6.000036353396264177e-01
-5.051793733763891847e-01
-5.036660604940956798e-01
-5.539191626938430035e-01
-4.423769249408911475e-01
-4.831662975271741600e-01
-4.552831532970106343e-01
-4.392497384241654812e-01
-3.727790398512245140e-01
-3.688135157676625253e-01
-3.716544838565805642e-01
-4.094874572037379146e-01
-3.948158489524754566e-01
-3.795364222577095048e-01
-4.288023193227337160e-01
-4.682774547845284796e-01
-4.433775506634938801e-01
-4.246401209497195905e-01
-3.215548769248934846e-01
-3.967850341541425685e-01
-3.224968252653315215e-01
-3.728410122734496790e-01
-4.013609508069680420e-01
-3.196878583943913443e-01
-3.987077646934858444e-01
-3.696717191613650422e-01
-4.601332587910694216e-01
-4.839499652476506042e-01
-5.064363576214232499e-01
-5.351833256328940580e-01
-5.279527969291719636e-01
-4.869356148347095958e-01
-4.372034995093843635e-01
-4.763827955301597195e-01
-4.317888754329345380e-01
-4.811169765517153141e-01
-4.871799627851299275e-01
-4.513200163674008225e-01
-4.704618816922891966e-01
-4.926191311792875727e-01
-5.492977270207954898e-01
-5.218751346883646614e-01
-5.389666932157273216e-01
-5.507274201525159674e-01
-5.383036994090457661e-01
-4.898087608529900772e-01
-4.549255486719959718e-01
-4.663631284735638705e-01
-4.400991760039926204e-01
-4.663850099390423609e-01
-4.425745896877205654e-01
-4.188301338453038203e-01
-3.659995636988085943e-01
-3.912523203177002418e-01
-3.843598518367473682e-01
-4.667628362426139432e-01
-4.562000497581585878e-01
-4.585465919318444938e-01
-4.164517245992020444e-01
-4.273969097612026480e-01
-4.147333993099555638e-01
-3.966677328477440367e-01
-3.768001136800210871e-01
-4.108098380063963107e-01
-3.733139101322728304e-01
-4.327661794866917155e-01
-3.180040721737370513e-01
-4.047480690684430726e-01
-4.715354720727836235e-01
-4.660404445259453965e-01
-5.582849001799125022e-01
-4.853405770450399115e-01
-5.024807711805837629e-01
-4.826262237107206143e-01
-5.262668371113681243e-01
-5.651535902365641961e-01
-5.165760503072047705e-01
-5.012075153509505387e-01
-6.101984094358264832e-01
-4.723563035365482277e-01
-5.079832712648062465e-01
-5.652485649616421082e-01
-5.901913697885322607e-01
-5.219666981934710792e-01
-5.510539147635866719e-01
-5.142045755958669639e-01
-4.775465019388974719e-01
-4.773839377538353634e-01
-5.344086710328025402e-01
-5.325022933145496795e-01
-4.456834002528034522e-01
-4.517601632916047327e-01
-3.879708421866648327e-01
-4.250644473085543606e-01
-3.742698901474983963e-01
-4.034266607943931549e-01
-4.170245929246181871e-01
-4.277934879005672597e-01
-4.269221175738352470e-01
-5.183488395829503048e-01
-4.650015375974758114e-01
-4.587216012788886133e-01
-4.292605038985854438e-01
-3.819732208272836882e-01
-4.040641800529936045e-01
-4.197114550616053985e-01
-3.958558432181600306e-01
-3.242053708636414289e-01
-4.011140563097834177e-01
-4.729029367821538932e-01
-5.099352627891389211e-01
-5.753836923802000403e-01
-5.816979361181322528e-01
-5.267806376177814887e-01
-6.052207056161289511e-01
-6.144913765619696155e-01
-6.149974600924921209e-01
-5.382360334952421832e-01
-6.172725766419842053e-01
-6.110230001098979624e-01
-5.922295114151665540e-01
-5.800484464461590495e-01
-5.375123510508105218e-01
-5.874724898212652091e-01
-5.146318874645408048e-01
-6.069356319177038328e-01
-6.002734919997607665e-01
-5.982109218304152432e-01
-5.645671925045375739e-01
-5.716187082771335692e-01
-5.392024778348152303e-01
-5.249633660142789537e-01
-5.342323916868855216e-01
-3.907551889150847613e-01
-4.136897364494084295e-01
-3.228127119118208710e-01
-4.118374813510893295e-01
-3.793889396706649486e-01
-3.964191887247413559e-01
-4.488567427723391123e-01
-4.799234719153588902e-01
-4.793429088114028458e-01
-4.846309984815055372e-01
-4.614148975233911543e-01
-4.527019829520240179e-01
-4.400701105314063777e-01
-3.552812844114647817e-01
-4.243424979535370678e-01
-3.605880724730221587e-01
-3.535693960857538287e-01
-3.443474723978151020e-01
-3.759259911573789026e-01
-5.280659862014936978e-01
-5.429242768535211816e-01
-6.624319966967596729e-01
-5.718855180761468482e-01
-6.293858436760824127e-01
-5.758169666681304255e-01
-5.877418136337656529e-01
-5.937307930068299600e-01
-5.120136128015213561e-01
-6.050501915532502384e-01
-5.753618064002850030e-01
-6.033342028653847500e-01
-6.357016815744924720e-01
-6.474642054357946375e-01
-5.860021039114433616e-01
-6.104475492309723306e-01
-6.197563972029824786e-01
-6.509147443140764766e-01
-6.180073955441016675e-01
-6.086875688868967904e-01
-5.241412955266604445e-01
-5.156057769116810796e-01
-5.025742758079352335e-01
-4.159536453482621243e-01
-3.928026285703074549e-01
-3.570679898091845272e-01
-4.398127290698741754e-01
-3.654748290909991537e-01
-3.963217601602253004e-01
-4.249630150621205860e-01
-5.256604938810702787e-01
-5.319791261174825481e-01
-4.541924128083033030e-01
-5.192203714677767756e-01
-3.665084114719057706e-01
-3.994491238228645158e-01
-3.956757437771336039e-01
-4.074659831954985378e-01
-3.689468391891764232e-01
-3.375238033439250662e-01
-3.641603216168418089e-01
-3.534836492207034664e-01
-4.745454711124193481e-01
-5.478630189441391352e-01
-4.831462326806157948e-01
-5.963005747259241263e-01
-5.927135679280050029e-01
-5.328538305402850117e-01
-5.697473092501799119e-01
-6.148744526469270832e-01
-5.279905951791066254e-01
-5.541654189190804436e-01
-6.178692063666721968e-01
-6.326569261446474135e-01
-5.177696274706651280e-01
-5.465222701773153613e-01
-5.560007652541303358e-01
-6.641436574869673537e-01
-5.556086057818903079e-01
-6.069283227292516791e-01
-5.688697853814189687e-01
-5.588582522810019437e-01
-4.775048155400619110e-01
-4.825444539316836590e-01
-4.401482829724928103e-01
-3.913610531225629185e-01
-3.886373763629453193e-01
-3.713262350640720855e-01
-3.443694644167902275e-01
-3.734463810687236873e-01
-4.589377110030175566e-01
-4.545076928427586593e-01
-4.689918718085972493e-01
-4.651727269198632775e-01
-4.873414998966737466e-01
-4.572946537679010159e-01
-4.338870807114517669e-01
-3.772607497778301400e-01
-3.885023492520223165e-01
-4.002512397216361761e-01
-3.274537770538470949e-01
-3.263276048517427808e-01
-3.624134539501374097e-01
-3.365396456322360397e-01
-4.634382898832817843e-01
-4.093142569741362036e-01
-5.274834925089352256e-01
-5.445579099660383671e-01
-5.904507876390191479e-01
-5.659199283216244103e-01
-5.075637123520556626e-01
-5.008592277896659617e-01
-5.112948530243586198e-01
-5.182023791996411832e-01
-5.472366454534982605e-01
-5.226888613745710455e-01
-5.384470872726601076e-01
-5.259919812615828638e-01
-5.742778324565847026e-01
-5.857499543732823666e-01
-5.509560846023102698e-01
-5.991469412403207517e-01
-5.537972365636538719e-01
-5.438335673183908314e-01
-4.709985700646249773e-01
-3.790712065210259940e-01
-4.196332363574309388e-01
-3.593875042287349997e-01
-3.947756577508068077e-01
-3.396722914074145061e-01
-4.100586081878364042e-01
-4.370856543011726325e-01
-4.409974566818534725e-01
-4.583474460149682961e-01
-4.962590694415842107e-01
-5.221830903888389219e-01
-5.051153275890576388e-01
-4.744523546343729081e-01
-4.351276647588926405e-01
-4.492122194639514565e-01
-4.561244342883474245e-01
-3.446060813040434101e-01
-3.412828452082127262e-01
-3.655415839102513220e-01
-3.050767044013592000e-01
-3.135597867375166103e-01
-3.798160788566975476e-01
-5.061847760328660462e-01
-4.559188525787106760e-01
-5.118226196203918832e-01
-4.768027046670160196e-01
-4.677379895444804814e-01
-5.152551412876789083e-01
-3.423597329258409316e-01
-4.266970008040151807e-01
-4.491018349744860250e-01
-4.889779424474819391e-01
-5.213882780206765544e-01
-4.767348541168111020e-01
-4.735029443484164990e-01
-4.500107521572626057e-01
-5.401583433729829631e-01
-4.644533304794785655e-01
-5.078478314962537876e-01
-5.318439002867230148e-01
-4.911673468086836802e-01
-4.831084610207497243e-01
-4.587516477046647001e-01
-4.142570823452620954e-01
-3.300701421015797554e-01
-3.851796511932226164e-01
-3.808263215426994086e-01
-3.656363301570044744e-01
-3.843490979521589912e-01
-4.989116517302431553e-01
-5.166033429614748096e-01
-5.369334064891014835e-01
-5.458604076012629758e-01
-4.999081222053353701e-01
-5.040816258933393801e-01
-4.911632351502682181e-01
-4.738217626356080459e-01
-4.511065958277133969e-01
-4.188172979874242863e-01
-3.387709650115249271e-01
-3.593011519694284672e-01
-3.205948375594057098e-01
-3.536913225889516399e-01
-3.887990248773466329e-01
-3.722641279491307187e-01
-4.464102968413974915e-01
-4.198749439303986475e-01
-4.598630797081653676e-01
-4.147443666922374095e-01
-4.198683075324912140e-01
-4.248400557540364941e-01
-4.383595984529228273e-01
-4.959371498192874927e-01
-4.918777120271799475e-01
-4.884537162528990173e-01
-4.345540292429569407e-01
-4.033164613693370759e-01
-3.658049429272701714e-01
-4.603916984548755420e-01
-3.940683668499327941e-01
-4.309492595614120569e-01
-4.292816694334554706e-01
-4.477088248798675729e-01
-4.410986019201311725e-01
-3.851306002558598229e-01
-3.682971804814194616e-01
-3.415161458128221916e-01
-3.474398727543799859e-01
-3.283158144919028909e-01
-4.446559165559347271e-01
-4.314992342756751031e-01
-4.638096078355957164e-01
-5.346799998913357443e-01
-5.342392683080895432e-01
-5.072012783152238802e-01
-4.955159690785849724e-01
-5.402225470102830496e-01
-5.256539953479548721e-01
-4.936882074514631902e-01
-4.641127943722814231e-01
-3.819406186851618812e-01
-4.042827883070116424e-01
-3.939593515131852852e-01
-3.166074391852924941e-01
-3.870272086136576362e-01
-3.111957558659467216e-01
-3.776769105811453309e-01
-3.265211575886617923e-01
-3.758762405981175836e-01
-4.043947376525021675e-01
-4.181705220657931932e-01
-3.667866455202543619e-01
-3.871748025583905961e-01
-3.752687624017049250e-01
-3.978758086716812636e-01
-4.174502038220126443e-01
-4.105227353224005227e-01
-3.993921703810954238e-01
-3.200097103601587945e-01
-4.146187677032385221e-01
-4.007686369768019841e-01
-4.410675569323878609e-01
-4.047527375008875272e-01
-3.598248511301254671e-01
-3.994468831606002301e-01
-3.296275284326143362e-01
-4.046059385681536891e-01
-3.746394977816633332e-01
-3.340155900517836063e-01
-4.084769983152649608e-01
-4.145617360209064572e-01
-4.194462362989282433e-01
-4.679280854610264329e-01
-5.103953885826978398e-01
-5.523054494624489719e-01
-5.563949078102512491e-01
-5.803068160340053572e-01
-5.364500572135256773e-01
-5.254391619335626595e-01
-5.303663200733825800e-01
-4.775971041948621210e-01
-5.240295024854149109e-01
-4.780086960055582868e-01
-4.113474329672245355e-01
-4.092084175801067314e-01
-3.476339498042888554e-01
-3.210183159024008193e-01
-3.455219513357696282e-01
-3.329092816497308815e-01
-2.886675822732499563e-01
-3.700659547569866703e-01
-3.377062943560754094e-01
-3.805990477024046581e-01
-3.548332878502853949e-01
-3.339313410998135390e-01
-3.536227135791585874e-01
-3.773801920236645180e-01
-3.762706825166591829e-01
-3.822915758046079304e-01
-4.282461978516248768e-01
-4.288413291882927636e-01
-3.829276872180482627e-01
-3.401974262619466005e-01
-4.069989705789178736e-01
-3.818231169992780671e-01
-3.377292856756018979e-01
-3.774162955970702393e-01
-3.019252713233339658e-01
-3.654040320297524680e-01
-3.718118964123198755e-01
-3.014949875547477953e-01
-3.803154715925554652e-01
-3.829801364011184428e-01
-4.524183505131718630e-01
-4.755312089526367858e-01
-4.841193494622944016e-01
-5.073544849103636123e-01
-5.349312398763582665e-01
-5.708956523151061946e-01
-5.395563210434163315e-01
-5.708579567310184677e-01
-4.983341850956273245e-01
-4.711379861973103433e-01
-4.932463153956464508e-01
-4.782495842772201966e-01
-4.255672914873848134e-01
-4.278747169914389192e-01
-3.881988271257513778e-01
-3.760344874224758049e-01
-3.297937613903038079e-01
-3.361991868936289318e-01
-3.492875632463438573e-01
-3.608690893409459699e-01
-2.906137905460414728e-01
-3.020817425106562815e-01
-3.840805058077417788e-01
-3.435700633757700628e-01
-3.390272075995791612e-01
-4.382423247345756945e-01
-3.276315862790304956e-01
-4.049369514144099957e-01
-4.073591357253908418e-01
-3.620976923155536098e-01
-3.632995346212615217e-01
-3.827895020391270942e-01
-3.272481413204029188e-01
-3.547417527306728768e-01
-3.575337687753196159e-01
-3.442112395818313630e-01
-2.979636189713689709e-01
-2.881562270922746749e-01
-4.188198495517414521e-01
-4.532879347323309216e-01
-4.508139987953737604e-01
-4.246823023198811331e-01
-4.648059912459777676e-01
-4.743677945758708603e-01
-5.131374059421068834e-01
-5.314804153492538319e-01
-5.151903202500816015e-01
-5.233232145136079705e-01
-4.943900457754138444e-01
-5.566437926096096112e-01
-5.000402141586797189e-01
-5.406563748306612016e-01
-4.252792414920998909e-01
-4.970121967849481237e-01
-4.468615009796603754e-01
-4.075413495501816752e-01
-4.150317752131328364e-01
-3.204329239152585163e-01
-3.248448622554749310e-01
-3.736035791055922761e-01
-3.730868310243086183e-01
-2.849278195118357115e-01
-3.380711057393794849e-01
-3.559187490811090981e-01
-3.796659132186011587e-01
-2.900352535552340183e-01
-3.316082566123855768e-01
-4.090737479702780122e-01
-3.261292853951617832e-01
-3.971362800682298189e-01
-3.709282618644948459e-01
-3.887221875185259412e-01
-3.650593747046761428e-01
-3.981159809287023732e-01
-3.606475775433837239e-01
-3.889498986998609631e-01
-3.549295379533532468e-01
-3.398297076733776123e-01
-3.624736912590166837e-01
-4.547353696728650418e-01
-4.444667217438119100e-01
-4.720691326447576386e-01
-4.152703621846259852e-01
-4.138323735304813566e-01
-4.726689474990990458e-01
-4.781599210323279614e-01
-5.017611946786719734e-01
-4.987084981562820984e-01
-5.205056050958515312e-01
-6.044014920844776872e-01
-5.262201278014669859e-01
-6.080911809483144914e-01
-5.348082250728688480e-01
-5.640159169173201148e-01
-4.935297580248657057e-01
-4.945831761752895184e-01
-5.555801106527689104e-01
-4.878799001756775056e-01
-3.784027107805936208e-01
-3.588153847434525368e-01
-3.917885397233286660e-01
-3.650637966175925841e-01
-3.656545611400537354e-01
-3.372588728197749575e-01
-3.180949258784599998e-01
-3.422275816449757979e-01
-3.537717886902896902e-01
-3.500726860669355900e-01
-3.213596689149057495e-01
-3.915514106507572700e-01
-3.189038881020717087e-01
-4.081833828437687606e-01
-3.663804883020951308e-01
-3.498033943431115844e-01
-3.335021703439303709e-01
-3.546664665031998287e-01
-3.501000118771592229e-01
-3.640022890647114928e-01
-4.595937603292870044e-01
-4.006647130249767486e-01
-4.507592710155859939e-01
-4.001965312784274142e-01
-4.576796262875414967e-01
-4.460850982465232040e-01
-4.325807133909771451e-01
-4.822333431388894920e-01
-4.797791107160785939e-01
-5.250874625633172865e-01
-5.355568177482161740e-01
-4.971851114246143011e-01
-5.612255851399399198e-01
-7.152344563652403009e-01
-5.353963433453137188e-01
-5.456062579253728728e-01
-4.907788571370881869e-01
-5.476401234727874545e-01
-5.626015223829279321e-01
-4.966246702664894319e-01
-5.111837557049921932e-01
-4.344854620895755581e-01
-4.681803335874550887e-01
-4.374010572773184280e-01
-3.874452738793906503e-01
-3.670863227708354160e-01
-3.820765104807921642e-01
-3.279959263128668923e-01
-3.099191001858251915e-01
-3.559289011362385957e-01
-3.236267670795370255e-01
-3.066986987440281642e-01
-3.138849488100654561e-01
-3.130200085479016292e-01
-2.819879811819467896e-01
-3.164024628777910575e-01
-3.296726859302863133e-01
-3.575300855212566464e-01
-3.700402669468809691e-01
-3.442182665350423942e-01
-3.624986774400856815e-01
-3.947372389043879437e-01
-3.308826983889511242e-01
-4.164884695001894177e-01
-4.398834915050353067e-01
-4.446249150558602703e-01
-4.001295583778658460e-01
-4.672703992324137023e-01
-4.800372679636170647e-01
-4.894575927128130832e-01
-5.215389472420235428e-01
-4.932505166761170790e-01
-4.710727366685104056e-01
-5.538378756340024411e-01
-6.007327850943464664e-01
-6.537883896277247864e-01
