-1.047266012819877412e-01
-1.594923841369927653e-01
-1.542506295520609250e-01
-1.595918391688979088e-01
-1.346097299809969061e-01
-1.100274695495001842e-01
-1.301332510197914794e-01
-1.097249506030083116e-01
-1.104093957285373351e-01
-1.350779881162752771e-01
-1.346917539540614939e-01
-1.047479390351647027e-01
-1.461212493625888009e-01
-1.854323189168919916e-01
-1.468617127304754355e-01
-8.920502438381910926e-02
-1.049485899802272693e-01
-1.101419899666980090e-01
-1.454652772339367628e-01
-9.903427185524522891e-02
-5.993600004432927952e-02
-1.449336551854041866e-01
-1.254488520225769677e-01
-1.709141714954564850e-01
-1.597875174240138973e-01
-1.192214643907659188e-01
-1.555201741421125550e-01
-1.246256655170784738e-01
-1.135755063324039027e-01
-1.114247193836938044e-01
-1.545251942606732931e-01
-1.048822961209626980e-01
-1.097645804858098789e-01
-1.301590747133139769e-01
-1.662541291239495178e-01
-1.295502776222892394e-01
-1.006100247332767650e-01
-1.159005977458199971e-01
-1.306042516355938321e-01
-1.350362035380617554e-01
-1.593571318284604521e-01
-1.347284545454672244e-01
-1.759270843143487806e-01
-9.942435384928612063e-02
-1.651278942126545024e-01
-1.149907237104577096e-01
-9.019289217690697191e-02
-1.401297196909755682e-01
-1.243704092811167145e-01
-1.158200985700755664e-01
-1.416831409251876062e-01
-1.606460900533338010e-01
-1.152883647771101860e-01
-1.456485212482069580e-01
-1.055924356233824135e-01
-1.694559526290937979e-01
-1.457637356565864573e-01
-1.850017895506516630e-01
-9.479734766283789971e-02
-9.415994685656096930e-02
-1.208782804100825697e-01
-1.400686765764359853e-01
-1.650992391827534045e-01
-1.288597711758675823e-01
-1.304658287723480248e-01
-1.807342537662996185e-01
-1.107867000895191717e-01
-9.025084028511332068e-02
-1.588726622401336330e-01
-1.144131223146264559e-01
-1.100087191499300732e-01
-1.358768271820518792e-01
-1.311018623212117373e-01
-8.965585002342896237e-02
-1.639752635232750444e-01
-1.507364982521066099e-01
-1.744803848572878402e-01
-1.388123114421989379e-01
-1.205666056403085079e-01
-1.505912560434614078e-01
-1.962304369335712562e-01
-1.545381693461668482e-01
-1.004414646593389665e-01
-1.956165371455890756e-01
-1.803567828833418651e-01
-1.196083495626202309e-01
-1.490312334710799658e-01
-9.954803512402454757e-02
-1.601856941063428685e-01
-9.364271820665062696e-02
-1.657662386250390030e-01
-1.499048737671695164e-01
-8.649666630040409032e-02
-1.507013513512917569e-01
-7.513554047482938480e-02
-1.148133988714109543e-01
-2.382051508705198412e-02
-1.098200718464937831e-01
-1.402250506793819018e-01
-1.169762510731676558e-01
-1.120169002373386791e-01
-1.814463072286592593e-01
-9.147027257091336350e-02
5.364341890936616050e-03
2.589633530153122656e-02
-2.930049899990486151e-02
-9.784244079904669267e-02
-1.167262278601789854e-01
-1.187311183376138640e-01
-1.198979774611854815e-01
-8.422908971753759189e-02
-1.504190086336399113e-01
-1.197939961961905081e-01
-1.141596670851881545e-01
-8.920303894244470400e-02
-1.304263025093320982e-01
-1.653073302280182733e-01
-1.215501239757017099e-01
-5.077356754455954191e-02
-1.032716070319172480e-01
-3.382678425984077253e-02
-7.836965889826939813e-02
-5.481296907859570938e-02
-5.461549128255819424e-02
-9.420329003242394056e-03
-6.445142997568166499e-02
-4.401556655994326439e-02
-9.564960922083890968e-03
-7.899646205873521454e-02
-8.442867479013431431e-02
-7.457318716569201478e-02
-8.867037135845244611e-02
-4.890046291087438851e-02
-3.868204107154240429e-02
-6.866395450755118091e-02
-1.866232040538467682e-02
-5.385706963199163311e-02
-1.065915751472962386e-01
-8.469362506979276339e-02
-1.094781337624664841e-01
-9.988431373641344646e-02
-1.052348913557982213e-01
-1.194120376530611732e-01
-1.199672042228468738e-01
-8.698358141336219596e-02
-5.159369122592188245e-02
-5.387714601636686002e-02
-1.888208149842619116e-02
-5.943426720887356324e-02
-6.941261274784860102e-02
-3.448629697961844848e-02
-3.913827584745443317e-02
7.097540473933018970e-03
-5.762929244625891734e-02
-2.841924955140272616e-02
-5.833859776315355322e-02
-7.303674197401748003e-02
-4.877415116156395142e-02
-3.431874403911158722e-02
1.294383431938533630e-03
-6.754279601514640019e-02
7.165310748583315383e-03
-4.785939627071708613e-02
-7.855240264816158724e-02
3.074069241133772085e-02
-5.394712938056825391e-02
-1.256977087049728492e-01
-1.148966529218947291e-01
-1.205951608003743847e-01
-1.410712325431756342e-01
-1.253609748946330760e-01
-7.685884850599151996e-02
5.252394335595332630e-04
-2.320989019099608391e-02
-3.386582741031460286e-02
-7.929276490004173727e-02
-1.044703732167115984e-01
-8.878658831953488428e-02
-8.376885900130605356e-02
-1.221013197369035311e-02
-5.083789718809896691e-02
9.995951442999266925e-03
-1.518003977474248478e-02
-8.485733405094796067e-02
2.006371496270159885e-02
-2.604335698697510249e-02
-6.744893964701572167e-03
-2.676413120697133247e-02
-6.232823540466763540e-02
-3.697217941519782836e-02
-8.293688975929733309e-02
-7.889797151517458085e-02
-8.765861692020524010e-03
4.583977470390151326e-02
-1.361574958002543800e-01
-1.312787119840063688e-01
-1.116726318491896991e-01
-1.613331694219654056e-01
-1.197866498390050549e-01
-1.273917341125955505e-01
-7.317595799273503288e-02
-7.385044690326647565e-02
-7.894069572042751448e-02
-9.264025161436789668e-03
-1.135174543835438393e-01
-3.232053683762417529e-02
-1.120982925734395098e-02
-7.444039546388070416e-02
-5.407059543734984292e-02
-2.760502159874157757e-02
-3.803475548663957234e-02
-9.349595028181774403e-02
-6.218634186347360426e-02
-1.029935739062956962e-01
-4.454817270991105055e-02
-5.945902104318250003e-02
-6.135968954260604454e-04
-2.114732396252207852e-02
1.814061498205905409e-03
-3.427083371997339221e-03
-1.844521031408674627e-02
-4.923975328098344206e-02
-5.294951759004185715e-02
-1.244034776510151014e-01
-1.354672276107620477e-01
-9.473835326364726805e-02
-1.455776364810643930e-01
-1.327897419896524600e-01
-3.395451474398024361e-02
-5.393695131860966330e-02
5.748314167232514323e-03
-5.872263327354037415e-02
-7.280769385776544866e-02
-7.954936038334073367e-02
1.504900369135687976e-02
-4.886304113379619229e-02
-1.994882382840911308e-02
-6.564313869978628639e-03
-6.300282053407103844e-02
-1.865706204730628245e-02
-1.300077587235433201e-02
-3.407126955057326184e-02
-4.913376190596946413e-02
-2.791275186754938603e-02
-9.324530578830557415e-02
-1.577454670387850796e-02
-9.739829847231962212e-02
-9.828200013100292509e-02
-2.871256864899301292e-02
-3.418397895372605327e-02
-4.208976719299876296e-02
-1.349469942266307287e-01
-1.807730290546880059e-01
-9.540633619947826161e-02
-1.043518231485950909e-01
-7.688446020984243678e-02
-4.207031754746072896e-03
-1.416563515934869330e-02
-7.886923231889796104e-02
7.079194563665997149e-03
-5.678748697569406534e-02
-8.454836564916565211e-02
-5.390725357312761701e-02
2.917409524823481176e-02
-1.676555558048406849e-02
-3.743560182362904581e-02
-5.474876403457738794e-02
-2.562558670523370011e-02
-7.506445712711851126e-02
-2.871611009678515583e-02
-5.816446902939797353e-02
-6.681726689386742468e-02
-4.819000535593846030e-02
-1.303585794964729578e-03
-1.261638820795465271e-02
-1.040231567171751581e-01
-3.926186295179175806e-02
2.613800775457703757e-02
-1.054421325911633345e-01
-1.546824309651784468e-01
-1.356924612678564734e-01
-1.308419218670351936e-01
-1.341373509440439982e-01
-6.463331636169294958e-02
-2.892185374325514230e-02
-4.410483721109778599e-02
-1.330375163222828790e-02
-4.658145669339990025e-02
-3.986477010243792696e-02
-7.371475384018817689e-02
-8.597090419688757645e-02
-1.684951389247988165e-02
6.263781152059984259e-02
-6.560717990949532785e-02
-3.259759840593122460e-02
-4.163730258132503081e-02
-5.960111101510467274e-02
2.142140994087889799e-02
-3.117867091033068444e-02
2.863090300195379051e-02
-2.845825451568212081e-02
1.328307425507692201e-02
-2.827848163868916520e-02
-4.401110261788935413e-02
-1.422338301682548982e-02
-1.223167547739843902e-01
-1.353153688298925905e-01
-8.910373004807425890e-02
-1.252420544500949806e-01
-1.458804811972821136e-01
-1.372464112937295255e-01
5.431383363437876713e-03
-5.890020131962227928e-02
-5.385415039121966424e-02
-6.291659835439961101e-02
-6.130654780244112340e-02
-5.494154807951923819e-02
-1.259709669847421110e-02
-6.531729155417821675e-02
3.392080524248025208e-03
-5.935755003251161344e-02
-2.676826058726992225e-03
-8.055262644654850868e-03
-9.110316422362896294e-02
-6.763636585440314930e-02
-7.954774245364593099e-02
1.639909833815665283e-02
-7.508802819940733897e-02
-1.895187478454354868e-02
-7.325221529838200039e-03
-2.325246265403680540e-02
1.561649653237803109e-02
-1.963864943563739529e-02
-1.551787481744204555e-01
-1.247133016778108755e-01
-1.357067612271421198e-01
-1.300551649071440552e-01
-6.187028608869508950e-02
-4.158421954994098030e-02
-6.419876895930046179e-02
1.108374160991165182e-02
-3.879305265220837906e-02
-4.213921696641462905e-02
-1.618682735703424330e-02
-1.344445774618960136e-02
-7.643291406865548865e-02
4.221127032258333890e-03
-6.714926126640259618e-02
-5.997578075402437703e-02
-6.672568130817911440e-03
-3.206644039236352522e-02
-3.390416548599035906e-02
-1.952282459828863503e-02
-5.257540990431304462e-02
1.566446722987274026e-02
-1.644412675591562512e-02
-6.028169884533865486e-02
-2.676863730549001747e-03
-8.364614305249583326e-02
2.043109805296276435e-02
-7.941342292526518132e-02
-1.662241019067061953e-01
-1.894422155071713021e-01
-1.184785577566336151e-01
-1.448701217662800023e-01
-9.186241957039047168e-02
-1.425737866228971029e-01
-2.375254426029748539e-02
-1.038790225730239353e-01
-9.824750139443877428e-02
-5.712539637632894213e-02
-3.586347259122285580e-02
-3.890977912404121331e-03
-3.016903729577810958e-02
-6.028329301706946558e-02
-4.699645356199587398e-02
-4.486992145289575573e-02
-4.526867427287677159e-02
-1.329341056339851113e-01
-7.089953737670587341e-02
-1.867567414075501503e-02
2.255747571810700573e-03
-1.943080276871061648e-02
-5.667887633380018497e-02
-5.593747587324947312e-02
-7.271316237673873528e-02
-1.910613394472978482e-02
-3.461872979513205828e-02
-3.980196984436972646e-02
-8.800344758276294754e-02
-1.601480251811063793e-01
-9.514021557360313741e-02
-1.643374386521145591e-01
-1.451795207224151063e-01
-8.667660367325867588e-02
-3.399669952442876952e-02
-5.392257957616492653e-02
-9.319649575276196807e-02
-9.153362241273992062e-02
-4.999362757175041666e-02
-2.204906739687511816e-02
-2.093213964847139008e-02
-1.621505105227671190e-02
1.329608078143089574e-03
2.554922034602365166e-02
1.929711658052768930e-03
-1.723343920964104034e-02
-6.961596096223215957e-02
3.264596335411606987e-02
-7.187529325979789829e-02
-4.498987972011938424e-02
-3.231913703290183182e-02
-7.591396434432573503e-02
-5.839001493083224165e-02
-4.926251483100598655e-02
-5.828290985391153256e-02
-5.951025522684565139e-02
-6.379086361497492141e-02
-1.212587481452419708e-01
-1.200694049024180893e-01
-1.608228494458767421e-01
-1.302983337411184050e-01
-1.075055885196626038e-01
-3.394126412834956585e-02
-5.399182140754092002e-02
1.715784677734926572e-02
-3.167610788586880388e-02
-5.503474760094605178e-02
-5.190650339033801158e-02
-2.568155155535060616e-02
-6.039629675603414710e-02
-4.132069649969228459e-02
3.782945457303215492e-02
2.280377277924568874e-03
-1.597681341857555906e-02
1.859294735562482502e-03
4.133821275317184352e-02
-1.360387567122872676e-02
-3.023799747358910106e-02
-8.913673179493294962e-02
-1.079559917164820554e-01
-1.858060873603342364e-02
-6.931089355401101604e-02
-1.400171713573028671e-02
-4.454075026271574894e-02
-1.925426022708169593e-02
-1.456273033445865950e-01
-1.346086546614847224e-01
-1.149616745071315449e-01
-1.306330877962768866e-01
-1.409421228798654058e-01
-7.921357828915441546e-02
5.838632415269060308e-03
-8.308831071761865750e-02
-4.702457527652926378e-02
-1.517873174632120362e-02
-4.363753999408207657e-02
-1.162460880853472267e-01
-2.595890702800913996e-02
-5.526871450274145614e-02
-4.522621148732340612e-02
-1.106639057347423294e-01
-3.488037741911514250e-02
3.159113773244533879e-02
-2.414775193493372621e-02
1.493912128274371351e-02
-1.748731221731638502e-02
-9.725315703732703709e-02
1.897189211039890504e-03
-8.935357255317556702e-03
-6.390775451283914332e-02
-4.865613239705598309e-02
-4.717956189630518465e-03
-1.706159112783839915e-01
-8.706735205517676657e-02
-1.550756634073991447e-01
-1.352709008841785354e-01
-1.249988106812234129e-01
-1.148019650439749267e-01
-2.953347668871800571e-02
-8.461395214873720927e-02
-7.891949905892867156e-02
-5.312048092741632893e-02
-2.658103765323288278e-02
-9.472179455550076843e-02
1.531294417532234886e-02
-5.429666878466839208e-02
4.135499054553817833e-02
-2.744692442681705841e-02
-7.296390894182655518e-02
1.868367912724669747e-02
-4.730988030264553224e-03
1.414317064901403527e-02
-1.150261769517181391e-02
-1.561622737642631882e-02
-6.830545432091281177e-02
-1.938484023288601296e-02
-1.143267243395916233e-01
4.548528829141289948e-02
-1.045495950392730106e-01
-2.417061014748075887e-02
-1.149567440188605794e-01
-5.143855745402991370e-02
-1.407951465376921230e-01
-8.965391646574634443e-02
-1.613387656912781687e-01
-1.252886165986397682e-01
-6.462578978184435607e-02
-3.945054092090394954e-02
-1.442364015570585592e-02
-6.891413306938483363e-02
-6.838235030034205131e-02
-5.382308287440137201e-02
-1.075082624597949454e-01
-9.665631613981208459e-02
-4.209340573606855374e-02
-9.589076980434407815e-02
-4.965481192661256454e-02
2.833315501181605037e-02
-8.046139895564322075e-02
-3.741618550300828544e-02
-1.146903732588865216e-01
-5.653798521223177970e-02
1.152981464668293397e-02
-5.423584970460219867e-02
-2.946568890836870694e-02
-9.884005547844037023e-03
-7.879644280211786644e-02
-1.316312628892262748e-01
-1.355861887825670908e-01
-1.794647012314037893e-01
-8.492108405019087314e-02
-1.352532845770143821e-01
-1.040772810374872570e-01
-1.390458825766895945e-01
-2.963065280028544593e-02
-3.461850642811376694e-02
-6.418386575628291790e-02
-3.443780468955316698e-02
-4.944589057138632643e-02
-2.914212322592448293e-02
-4.382149418926518242e-02
-7.394744172519471248e-02
-6.358864799962471448e-02
-3.219175353083959107e-02
-4.864060751754330225e-02
3.484799499992734511e-03
-9.162513917817222131e-02
1.140933470687389983e-02
-8.532615188976283571e-02
-8.147744742873758161e-02
2.682783940833936495e-02
-2.430306235973842682e-02
-5.949131406208839346e-02
-6.974476195519710431e-02
-1.454040972554083121e-02
-4.564037959026297220e-02
-1.080591950233419085e-01
-1.237696788326680258e-01
-1.154869161449051523e-01
-1.608560848366867857e-01
-7.473318299680530019e-02
-1.159142621820815483e-01
-2.442567346431250008e-02
-4.967678955060075840e-02
-5.433051835836006510e-02
-7.432231116544202321e-02
-3.871744285294229787e-02
-7.874357676135239348e-02
-3.919752072278455401e-02
-1.401463214921487219e-02
-4.308007979340801319e-02
-1.150940410305852646e-01
6.326206345117627201e-03
1.284971040914060537e-02
2.046836986508685299e-03
-4.294617589622528459e-03
-9.541155780075583070e-02
-3.150414628474212247e-02
-4.313104995703546246e-02
-8.401102475569800776e-02
-9.115342957899992202e-03
-5.456402832297133770e-02
-1.933995416868531866e-02
-4.359976950033807308e-02
-1.220869809751390367e-01
-1.561101977180483769e-01
-1.557324234421827158e-01
-7.581177835286276312e-02
-1.291884529953784555e-01
-1.494558006472456735e-01
-1.055108772882493995e-01
-9.467910795315090389e-02
-1.179466817463654948e-01
-3.421976021977988364e-02
-4.901692857906501249e-02
-5.378893680563971713e-02
-2.920021952043824753e-02
1.124417301257590700e-02
-6.230715976755181462e-02
-4.907284515216552706e-02
-7.323796954840409990e-02
-2.309619051684982244e-02
4.632117478772248415e-02
-6.491436677066332595e-02
-3.584521949119345158e-02
-4.676002887935162833e-02
-4.804760096288694660e-02
-5.408831805903700080e-02
-2.444825696502859677e-02
-2.422348363906640795e-02
-9.897044009616864924e-02
-5.320700432591116830e-02
-8.646129158418237870e-02
-1.060766325367882568e-01
-1.851147967089888380e-01
-1.309347678041766772e-01
-1.357754217520643070e-01
-1.254967096239429092e-01
-1.310245491231133153e-01
-1.758456727848014545e-01
-1.071332728571875864e-01
-9.307478463002888391e-02
-5.393493788468614603e-02
-3.936785176912501946e-03
-5.355732651327096971e-02
1.226454665936701528e-02
-5.531304326555799844e-02
-3.462654938176720765e-02
-5.843537345191199273e-02
-6.398049576873923727e-02
1.047961980464682911e-02
3.427191255855106117e-02
-1.011627842924878590e-01
-6.694273725449025048e-02
-1.801161104872905927e-02
-2.398480382848108480e-02
-1.143631262325599252e-01
-1.247546281725820244e-01
-2.442667974636571204e-02
-5.205626525672338301e-02
-4.153622356379303021e-02
-1.112433989474430063e-01
-1.388212209469694980e-01
-1.554866977693538654e-01
-1.255009950088734894e-01
-1.238504012146622729e-01
-1.555695841056224105e-01
-1.360560243629365673e-01
-3.220472272740169950e-02
6.319154583096118702e-03
1.568459630135014826e-02
-2.370472504421127294e-02
-3.321151186206183076e-02
-4.677133396096784523e-02
-5.458198407695127874e-02
-1.905006715671759068e-02
-3.400343652810294826e-02
-1.464385964952160182e-02
-4.885291914395553138e-03
-9.056152402641412524e-02
-6.129160215706697806e-02
-8.680866013068047615e-02
-6.758104630439350224e-02
-6.886419088391317056e-02
-6.938569945012637574e-02
3.040814394035592019e-02
1.035279768275811259e-02
-9.698772390688664702e-02
-1.098074512483748627e-01
-1.659028884683043104e-01
-1.361073589352020385e-01
-1.152830561644077739e-01
-1.049651307742179712e-01
-1.404314632104241289e-01
-1.802225737603311839e-01
-1.044314535981354791e-01
-5.897549869201892947e-02
5.184863792188104670e-03
-5.913263023996377654e-02
-1.360248642026765271e-02
-2.778187235433317304e-02
-8.132204589926886329e-02
-1.050645735662460445e-01
-2.955468272960293588e-02
-6.550194461849974392e-02
-2.155393685074467533e-02
-4.157061783744574884e-02
-9.147476231542277236e-02
-5.201362996664825322e-02
-1.020948606483373933e-01
-3.730752136561095444e-02
-4.456848540815098320e-02
-6.881820075549505145e-02
-3.430681057731757577e-02
3.568590223977120141e-02
-9.132610049272879560e-02
-1.048887797217947782e-01
-1.102783371957285902e-01
-1.664659050946036556e-01
-1.663412967060040049e-01
-1.347636241783218836e-01
-1.297495823239823431e-01
-1.247391861259636858e-01
-1.088042579678029503e-01
-4.436102049290621685e-02
-8.437018508361228408e-02
-2.935752676571867781e-02
-8.872179667932689195e-02
-5.828952356357862408e-02
-1.247381074352648701e-02
-5.686514128034798193e-02
-3.119820078086588469e-02
-9.110597143836998701e-02
-5.771928978768821328e-02
-6.776818192195044332e-02
1.728487798142890747e-02
2.535411775058721631e-03
-6.252853880525587049e-02
-6.349442399337058840e-02
-2.937770984188697171e-02
-1.418352099432815261e-02
-7.921540097033706596e-02
-9.332783638221195388e-02
-1.454401976745485214e-01
-1.299679345992902080e-01
-1.555572284901522995e-01
-1.107359393975839990e-01
-1.403316062218212812e-01
-1.103350818883996470e-01
-1.201742128627589085e-01
-9.546728933067233358e-02
-7.679636730854227933e-02
-5.742343213575583361e-02
-1.091562248661612777e-01
-6.283352119159502092e-02
-4.402282793728198168e-02
-8.627655908852801744e-03
-8.397603750225821062e-02
1.151566495432053590e-02
-6.935708827413308852e-02
-2.983312907540576833e-02
-5.478675823854330801e-02
-2.958895799268801419e-02
-6.940998729476949292e-02
-3.377346860552808000e-02
-3.365307083788397768e-02
-5.423886811004510061e-02
-6.953941412327113714e-02
-2.433172767467858127e-02
-7.371208273739011940e-02
-1.326932112947185327e-01
-6.928748465851075622e-02
-1.258206116910160766e-01
-1.644820378930156035e-01
-1.558161204691728974e-01
-1.202376353556396243e-01
-1.954760839028570618e-01
-1.453488843674917708e-01
-1.394939308377159959e-01
-1.240261230022117744e-01
-1.358148025295567163e-01
-8.995972955802947202e-02
-1.252757225623384041e-01
-1.152108890674792552e-01
-1.565654872377532369e-01
-8.927989409187196690e-02
-8.472836254961768621e-02
3.508546577291849627e-02
-2.477877579402698247e-02
-6.999081653110438006e-02
-5.122276982320939781e-02
-1.550549346742167156e-01
-1.056447081175486413e-01
-5.255438383359069265e-02
-8.232729601953110710e-02
-9.768021679869480500e-02
-1.358409185313086132e-01
-1.059688815855937549e-01
-1.348345485263990062e-01
-6.971470005118746149e-02
-1.303451080144590324e-01
-1.304335352558978478e-01
-1.157221319980412111e-01
