-2.000000000000000736e-02
-2.000000000000000736e-02
-2.500000000000001180e-02
-1.500000000000000638e-02
-5.500000000000000722e-02
-1.150000000000000744e-01
4.999999999999997502e-03
-3.500000000000000333e-02
-5.000000000000000278e-02
-1.000000000000000194e-02
-5.500000000000000722e-02
-3.499999999999999639e-02
-2.500000000000000486e-02
-2.000000000000000736e-02
4.999999999999990563e-03
-5.500000000000000722e-02
-2.500000000000000486e-02
-2.500000000000000486e-02
-1.000000000000000541e-02
-2.500000000000000139e-02
-3.499999999999999639e-02
-4.500000000000000527e-02
-1.500000000000000291e-02
-2.500000000000000486e-02
-1.999999999999991715e-02
-1.000000000000000194e-02
-1.050000000000000655e-01
-5.999999999999999778e-02
-2.500000000000000833e-02
-1.500000000000000291e-02
-2.000000000000000042e-02
-1.500000000000000291e-02
-2.000000000000000389e-02
-1.000000000000000541e-02
-2.999999999999999889e-02
-2.000000000000000736e-02
-1.999999999999999695e-02
-3.999999999999999389e-02
-1.000000000000000194e-02
-3.999999999999999389e-02
-1.169999999999997931e+00
-2.000000000000000389e-02
1.000000000000000194e-02
-2.000000000000001499e-01
-1.500000000000000638e-02
-3.499999999999999639e-02
-4.499999999999999833e-02
-1.500000000000000638e-02
-5.800000000000004041e-01
-4.499999999999999833e-02
-1.999999999999999695e-02
-3.499999999999999639e-02
-2.000000000000000389e-02
-8.000000000000001554e-02
-1.000000000000000194e-02
-3.499999999999999639e-02
-8.050000000000006040e-01
-1.499999999999999944e-02
-6.000000000000001166e-02
-2.000000000000000042e-02
-2.999999999999999542e-02
-8.500000000000000611e-02
-3.000000000000000930e-02
-1.500000000000000291e-02
-1.000000000000000194e-02
-1.734723475976807094e-17
-3.000000000000000583e-02
-4.999999999999997502e-03
-1.499999999999999598e-02
-2.000000000000001082e-02
-4.300000000000003264e-01
-2.000000000000000389e-02
-2.500000000000000486e-02
-2.500000000000000139e-02
-2.000000000000000736e-02
-3.000000000000000930e-02
-7.000000000000000666e-02
-1.000000000000000541e-02
-4.000000000000000777e-02
-3.000000000000000583e-02
-3.000000000000000583e-02
-2.000000000000001082e-02
-5.500000000000000722e-02
-3.499999999999999639e-02
-2.000000000000001082e-02
-8.200000000000006173e-01
-3.000000000000000583e-02
-1.999999999999999695e-02
-5.000000000000000278e-02
-3.000000000000000583e-02
-1.600000000000001144e-01
-3.500000000000000333e-02
-5.999999999999999778e-02
-2.000000000000000389e-02
5.000000000000000971e-03
-1.650000000000000355e-01
-1.499999999999999944e-02
-3.469446951953614189e-18
-4.000000000000000777e-02
-7.000000000000003442e-02
-3.500000000000001027e-02
-9.050000000000006928e-01
-1.999999999999999695e-02
-4.000000000000000777e-02
-9.999999999999998473e-03
-8.750000000000006661e-01
-5.000000000000001665e-02
-1.499999999999999944e-02
-3.499999999999999639e-02
-2.500000000000000833e-02
-3.999999999999999389e-02
-1.000000000000000194e-02
-2.499999999999999445e-02
-2.000000000000000389e-02
-2.500000000000000833e-02
-1.499999999999999944e-02
-5.600000000000003864e-01
-3.499999999999999639e-02
-1.700000000000001232e-01
-4.499999999999999833e-02
-4.499999999999999833e-02
-1.000000000000000541e-02
-9.999999999999998473e-03
-9.999999999999998473e-03
-1.999999999999999695e-02
-2.000000000000000389e-02
-3.000000000000000583e-02
-1.000000000000000194e-02
-3.000000000000000583e-02
-2.999999999999999542e-02
-4.200000000000003175e-01
-1.499999999999999944e-02
-2.500000000000000139e-02
-5.499999999999999334e-02
-4.500000000000001221e-02
-2.999999999999999542e-02
-3.150000000000002243e-01
-5.000000000000000278e-02
-2.000000000000000042e-02
-3.000000000000000583e-02
-5.500000000000000722e-02
-7.500000000000001110e-02
-4.550000000000003486e-01
-4.000000000000000777e-02
-5.499999999999999334e-02
-2.999999999999999889e-02
-1.999999999999999695e-02
-1.999999999999999695e-02
-2.000000000000000042e-02
-3.000000000000000583e-02
-1.550000000000001099e-01
-1.150000000000000744e-01
-3.000000000000000583e-02
-1.500000000000000291e-02
-1.499999999999999944e-02
-3.550000000000002043e-01
-3.000000000000000583e-02
-1.500000000000000291e-02
-8.000000000000001554e-02
6.500000000000002998e-02
-3.000000000000000236e-02
-7.500000000000005551e-01
-2.000000000000000736e-02
-2.999999999999999889e-02
-3.500000000000000333e-02
-4.500000000000002609e-02
-1.999999999999999695e-02
-2.500000000000000486e-02
-2.499999999999999792e-02
-4.499999999999999833e-02
-9.000000000000005218e-02
-3.500000000000000333e-02
-1.499999999999999944e-02
-3.499999999999999639e-02
-2.000000000000000389e-02
-2.499999999999999445e-02
-4.000000000000000777e-02
-3.150000000000002243e-01
-1.500000000000000638e-02
-3.500000000000000333e-02
3.469446951953614189e-18
-3.000000000000000583e-02
-3.499999999999999639e-02
-4.000000000000000777e-02
-1.999999999999999695e-02
-5.999999999999999778e-02
-3.500000000000000333e-02
-9.500000000000005662e-02
-1.589999999999988312e+00
-2.500000000000000139e-02
-2.000000000000000389e-02
-4.500000000000000527e-02
-1.000000000000000194e-02
-2.999999999999999889e-02
-2.500000000000000139e-02
-5.000000000000000278e-02
-2.950000000000002065e-01
-5.000000000000004441e-03
-1.000000000000000194e-02
-5.999999999999999778e-02
-2.000000000000000389e-02
-3.600000000000002642e-01
-3.500000000000000333e-02
-3.499999999999999639e-02
-1.040000000000000480e+00
-2.500000000000000139e-02
-2.500000000000000486e-02
-7.700000000000005729e-01
-9.000000000000005218e-02
-3.500000000000000333e-02
-2.850000000000001976e-01
-2.500000000000000139e-02
-5.999999999999999778e-02
-3.000000000000000583e-02
-4.000000000000000777e-02
-8.500000000000004774e-02
-2.000000000000000042e-02
-7.750000000000005773e-01
-3.999999999999999389e-02
-2.499999999999999792e-02
-1.999999999999999695e-02
-2.700000000000001843e-01
-3.000000000000000930e-02
-3.000000000000000236e-02
-3.000000000000000583e-02
-3.500000000000000333e-02
-4.499999999999999833e-02
-1.999999999999999695e-02
-2.999999999999999889e-02
-3.499999999999999639e-02
-2.500000000000000833e-02
-4.000000000000000083e-02
-9.550000000000012923e-01
-2.000000000000000736e-02
-1.250000000000000555e-01
-4.000000000000000777e-02
-3.499999999999999639e-02
-3.000000000000000930e-02
5.000000000000000971e-03
-3.499999999999999639e-02
-3.500000000000000333e-02
-5.000000000000001665e-02
-1.999999999999999348e-02
-8.000000000000001554e-02
-2.500000000000000139e-02
-2.500000000000000139e-02
-3.499999999999999639e-02
-2.500000000000000486e-02
-2.500000000000000139e-02
-9.500000000000007050e-02
-2.000000000000000042e-02
-4.000000000000000777e-02
-3.499999999999999639e-02
-3.000000000000000583e-02
-9.999999999999998473e-03
-4.499999999999999833e-02
-2.500000000000000139e-02
-2.999999999999999889e-02
1.500000000000000638e-02
-2.000000000000000042e-02
-9.999999999999998473e-03
-1.574999999999990186e+00
-2.000000000000000389e-02
-5.000000000000000278e-02
-3.500000000000000333e-02
-2.000000000000000389e-02
-4.999999999999999584e-02
-1.999999999999999695e-02
-4.000000000000000777e-02
-1.000000000000000611e-01
-1.499999999999999598e-02
-1.500000000000000291e-02
-3.499999999999999639e-02
-2.999999999999999889e-02
0.000000000000000000e+00
-5.200000000000003508e-01
-1.499999999999999944e-02
-9.999999999999995004e-03
-2.000000000000000389e-02
-2.500000000000000139e-02
-4.500000000000000527e-02
-5.200000000000003508e-01
-4.500000000000001221e-02
-2.000000000000000736e-02
-2.000000000000000389e-02
-3.000000000000000236e-02
-3.000000000000000583e-02
-6.500000000000002998e-02
-6.300000000000004485e-01
-2.000000000000000389e-02
-5.999999999999999778e-02
-2.350000000000001532e-01
-2.000000000000000389e-02
-3.000000000000000583e-02
-4.000000000000000083e-02
-5.999999999999999778e-02
-5.999999999999999778e-02
-1.999999999999999695e-02
-6.500000000000004385e-02
-1.000000000000000541e-02
-1.000000000000000194e-02
-1.734723475976807094e-17
-8.500000000000004774e-02
-2.000000000000000042e-02
-1.499999999999999251e-02
-9.000000000000005218e-02
-1.500000000000000812e-02
-2.100000000000001588e-01
6.938893903907228378e-18
0.000000000000000000e+00
-4.999999999999997502e-03
-1.999999999999999695e-02
-3.500000000000000333e-02
-2.999999999999999889e-02
-3.500000000000000333e-02
-5.000000000000000278e-02
-1.500000000000000638e-02
-3.000000000000000583e-02
-2.500000000000000139e-02
-3.500000000000000333e-02
-1.000000000000000541e-02
-3.500000000000001027e-02
4.999999999999994033e-03
-2.000000000000000389e-02
-2.500000000000000139e-02
-9.650000000000007461e-01
-1.494999999999989893e+00
-6.000000000000001166e-02
-1.999999999999999695e-02
-3.000000000000001277e-02
-3.500000000000000333e-02
-2.500000000000000139e-02
-3.499999999999999639e-02
-9.250000000000007105e-01
-5.000000000000001665e-02
-3.500000000000000333e-02
-2.000000000000000042e-02
-3.000000000000000583e-02
-3.000000000000000583e-02
-1.499999999999999251e-02
-1.000000000000000541e-02
-4.000000000000000777e-02
-3.500000000000001721e-02
-4.250000000000003220e-01
-2.500000000000000139e-02
-5.500000000000000722e-02
-1.600000000000001144e-01
-5.000000000000000278e-02
-1.550000000000001099e-01
-4.100000000000003086e-01
-5.250000000000003553e-01
-3.499999999999999639e-02
-2.499999999999999792e-02
-6.500000000000000222e-02
-1.499999999999999251e-02
-3.000000000000000583e-02
-9.999999999999998473e-03
4.999999999999997502e-03
-3.000000000000000583e-02
-2.500000000000000486e-02
-2.500000000000000139e-02
-2.500000000000000486e-02
-2.499999999999999445e-02
-1.999999999999999348e-02
-2.000000000000000042e-02
-5.999999999999999778e-02
-3.000000000000000583e-02
-4.000000000000000777e-02
-4.500000000000001221e-02
-2.500000000000000139e-02
-4.499999999999999833e-02
-1.500000000000000291e-02
-3.500000000000000333e-02
-8.949999999999993516e-01
-2.500000000000000139e-02
-5.000000000000003053e-02
-1.349999999999994760e+00
-3.999999999999999389e-02
-3.499999999999999639e-02
-2.499999999999999445e-02
-3.000000000000000583e-02
-2.500000000000000139e-02
-1.999999999999999695e-02
-2.999999999999999889e-02
-3.999999999999999389e-02
-4.500000000000001221e-02
3.469446951953614189e-18
-2.500000000000000833e-02
-3.000000000000000236e-02
-5.000000000000000278e-02
-6.499999999999998834e-02
-3.000000000000000583e-02
-1.450000000000001010e-01
-5.500000000000002109e-02
-6.000000000000002554e-02
-3.000000000000000583e-02
-1.614999999999988223e+00
-8.500000000000000611e-02
-2.000000000000000736e-02
-3.600000000000002642e-01
-7.500000000000001110e-02
-6.999999999999999278e-02
-1.999999999999999695e-02
-1.499999999999999944e-02
-3.499999999999999639e-02
-3.499999999999999639e-02
-8.000000000000004330e-02
-1.500000000000000291e-02
-3.700000000000002731e-01
-5.000000000000004441e-03
-3.000000000000000583e-02
4.999999999999997502e-03
-1.500000000000000291e-02
-2.500000000000000139e-02
-9.999999999999998473e-03
-1.650000000000001188e-01
-4.000000000000002998e-01
-4.000000000000000777e-02
-9.999999999999998473e-03
-1.500000000000000291e-02
-7.000000000000003442e-02
-1.500000000000000291e-02
-1.499999999999999944e-02
-1.499999999999999251e-02
-2.000000000000000389e-02
-8.800000000000006706e-01
-2.500000000000000486e-02
-4.500000000000001221e-02
-8.950000000000006839e-01
-4.350000000000002753e-01
-2.500000000000000139e-02
-2.999999999999999889e-02
-1.500000000000000638e-02
-4.200000000000003175e-01
-5.300000000000003597e-01
-1.500000000000000291e-02
-4.000000000000000083e-02
-1.000000000000000194e-02
-1.134999999999997344e+00
-1.500000000000000291e-02
-9.000000000000005218e-02
-3.500000000000001027e-02
-1.999999999999999695e-02
-2.999999999999999889e-02
-4.999999999999999584e-02
5.000000000000000971e-02
-6.999999999999999278e-02
-7.500000000000001110e-02
-2.500000000000000486e-02
-3.469446951953614189e-18
-4.000000000000000777e-02
-5.000000000000003053e-02
-5.500000000000000722e-02
-4.000000000000000777e-02
-2.000000000000000042e-02
-1.500000000000000291e-02
-2.500000000000000139e-02
-3.500000000000000333e-02
-6.999999999999999278e-02
-9.999999999999998473e-03
-3.050000000000002154e-01
-2.999999999999999542e-02
-2.000000000000000736e-02
-2.500000000000000486e-02
-9.500000000000007050e-02
-3.999999999999999389e-02
-3.900000000000002909e-01
-3.000000000000000583e-02
-3.500000000000000333e-02
-3.000000000000000236e-02
-3.500000000000001721e-02
-1.999999999999999348e-02
-4.450000000000002842e-01
-4.000000000000000777e-02
-4.000000000000000083e-02
-1.000000000000000888e-02
-3.000000000000000583e-02
-5.500000000000002109e-02
-1.134999999999997344e+00
-1.000000000000000541e-02
-2.000000000000000389e-02
-4.200000000000003175e-01
-9.000000000000005218e-02
-2.499999999999999445e-02
-4.499999999999999833e-02
-2.500000000000000486e-02
-2.500000000000000139e-02
-1.499999999999999251e-02
-9.999999999999998473e-03
-4.000000000000000777e-02
-4.500000000000001221e-02
-2.999999999999999542e-02
-2.999999999999999889e-02
-1.500000000000000291e-02
-4.500000000000000527e-02
-2.000000000000000736e-02
-2.000000000000000389e-02
-1.500000000000000638e-02
-1.500000000000000291e-02
-3.000000000000000583e-02
-2.000000000000000389e-02
-1.000000000000000541e-02
-1.499999999999999944e-02
-2.000000000000000736e-02
-2.000000000000000042e-02
-2.500000000000000139e-02
-1.000000000000000194e-01
-3.000000000000000236e-02
-7.500000000000005274e-02
-1.500000000000000291e-02
-5.800000000000004041e-01
-3.500000000000000333e-02
-1.500000000000000985e-02
-2.499999999999999792e-02
-5.000000000000000278e-02
-1.499999999999999944e-02
-8.200000000000006173e-01
-1.500000000000000465e-02
-4.000000000000000777e-02
-2.000000000000000042e-02
-5.050000000000003375e-01
-4.000000000000000777e-02
-3.000000000000000583e-02
-4.000000000000000777e-02
5.000000000000000971e-03
-3.500000000000000333e-02
-4.499999999999999833e-02
-4.000000000000000777e-02
-4.499999999999999833e-02
3.469446951953614189e-18
-2.499999999999999792e-02
-3.500000000000000333e-02
-5.000000000000000278e-02
-2.500000000000000486e-02
-6.999999999999999278e-02
-1.999999999999999695e-02
-7.500000000000001110e-02
-4.999999999999994033e-03
-4.000000000000000777e-02
-8.000000000000001554e-02
-5.300000000000003597e-01
-1.200000000000000788e-01
-2.500000000000000833e-02
-2.500000000000000486e-02
-5.000000000000000971e-03
-2.499999999999999792e-02
-8.500000000000000611e-02
-2.500000000000000833e-02
-9.000000000000005218e-02
-1.200000000000000788e-01
-2.500000000000000486e-02
-1.499999999999999251e-02
-3.500000000000000333e-02
-4.000000000000000777e-02
-5.000000000000001665e-02
1.500000000000000291e-02
-4.499999999999999833e-02
-4.000000000000000777e-02
-2.500000000000000139e-02
-3.499999999999999639e-02
-2.259999999999974474e+00
-3.600000000000002642e-01
-1.500000000000001332e-02
-6.700000000000004841e-01
-2.100000000000001588e-01
-6.499999999999998834e-02
-3.200000000000002287e-01
-9.150000000000014788e-01
-3.999999999999999389e-02
-9.000000000000005218e-02
4.999999999999997502e-03
6.000000000000001166e-02
-5.400000000000003686e-01
-4.500000000000000527e-02
-7.500000000000001110e-02
-5.500000000000002109e-02
-3.499999999999999639e-02
-9.650000000000007461e-01
-2.000000000000000389e-02
-2.500000000000000139e-02
-2.500000000000000139e-02
-3.000000000000000583e-02
-2.000000000000000042e-02
-2.500000000000000139e-02
-2.500000000000000139e-02
-2.000000000000000736e-02
-2.000000000000000736e-02
-2.499999999999999792e-02
-7.600000000000005640e-01
-1.499999999999999944e-02
-2.500000000000000139e-02
-9.999999999999995004e-03
-4.499999999999999833e-02
-4.550000000000002931e-01
-1.000000000000000541e-02
-1.499999999999999598e-02
-5.999999999999999778e-02
-2.000000000000000736e-02
-3.150000000000001688e-01
-3.499999999999999639e-02
-1.500000000000000291e-02
-2.000000000000000736e-02
-3.499999999999999639e-02
-1.500000000000000291e-02
-3.900000000000002909e-01
-1.524999999999991029e+00
-1.999999999999999695e-02
-4.000000000000000777e-02
-9.150000000000007017e-01
-3.000000000000000930e-02
-2.000000000000000389e-02
-2.500000000000000139e-02
-1.499999999999999944e-02
-3.000000000000000583e-02
9.999999999999995004e-03
-3.000000000000000583e-02
-1.999999999999999695e-02
-9.400000000000007239e-01
-4.000000000000000777e-02
-1.000000000000000541e-02
-1.999999999999999695e-02
-5.500000000000000722e-02
0.000000000000000000e+00
-1.999999999999999695e-02
-1.184999999999996501e+00
-9.500000000000005662e-02
-8.000000000000001554e-02
-5.499999999999999334e-02
-2.500000000000000486e-02
-1.499999999999999251e-02
-5.000000000000000278e-02
-4.999999999999999584e-02
-8.300000000000006262e-01
-1.000000000000000541e-02
-6.999999999999999278e-02
-2.500000000000000833e-02
-3.000000000000000236e-02
-5.000000000000000278e-02
-2.000000000000000042e-02
-1.000000000000000194e-02
-3.250000000000002331e-01
-2.000000000000000389e-02
-2.000000000000000389e-02
-2.000000000000000389e-02
-2.450000000000001066e-01
-1.450000000000001010e-01
-5.999999999999999778e-02
0.000000000000000000e+00
-2.600000000000001199e-01
-2.500000000000000486e-02
-4.999999999999997502e-03
-3.000000000000000583e-02
-1.999999999999999348e-02
-2.000000000000000389e-02
-3.499999999999999639e-02
-2.500000000000000486e-02
-2.500000000000000833e-02
-1.000000000000000611e-01
-2.500000000000000139e-02
-1.499999999999999251e-02
-1.999999999999999695e-02
-9.500000000000005662e-02
-1.500000000000001332e-02
-1.850000000000001366e-01
-3.450000000000002509e-01
-2.000000000000000042e-02
-1.000000000000000194e-02
-4.500000000000001221e-02
-5.499999999999999334e-02
-1.409999999999992149e+00
-1.500000000000000985e-02
-4.000000000000002998e-01
-1.499999999999999944e-02
-2.299999999999999822e-01
-3.000000000000000583e-02
-4.000000000000000777e-02
-5.000000000000000971e-02
-2.500000000000000139e-02
-1.400000000000000966e-01
-3.000000000000000583e-02
-2.000000000000000389e-02
4.999999999999997502e-03
-2.500000000000000833e-02
-9.999999999999998473e-03
-1.499999999999999944e-02
-5.000000000000000278e-02
-3.500000000000000333e-02
-1.500000000000000638e-02
-2.499999999999999792e-02
-5.500000000000002109e-02
-4.300000000000003264e-01
-5.000000000000001665e-02
-3.469446951953614189e-18
-1.675000000000003819e+00
-1.499999999999999251e-02
-5.000000000000000278e-02
-4.000000000000000777e-02
9.999999999999991535e-03
-1.999999999999999695e-02
-2.050000000000001543e-01
-2.000000000000000736e-02
-4.499999999999999833e-02
-2.500000000000000139e-02
-6.200000000000004396e-01
-1.999999999999999695e-02
-3.000000000000000930e-02
-2.350000000000001810e-01
-1.000000000000000541e-02
-3.000000000000000583e-02
-2.500000000000000139e-02
-1.499999999999999944e-02
-2.500000000000000486e-02
-3.500000000000000333e-02
-8.000000000000001554e-02
-6.999999999999999278e-02
-4.850000000000003753e-01
-2.500000000000000486e-02
-4.000000000000000083e-02
-3.500000000000001027e-02
-2.500000000000000139e-02
-5.550000000000003819e-01
-7.500000000000001110e-02
-1.499999999999999944e-02
-3.000000000000000583e-02
-1.270000000000001572e+00
-4.499999999999998446e-02
-5.500000000000002109e-02
-4.000000000000000777e-02
-2.000000000000000389e-02
-4.499999999999999833e-02
-1.499999999999999944e-02
-1.999999999999999695e-02
-5.000000000000000278e-02
-3.750000000000002776e-01
-2.500000000000000833e-02
-7.000000000000005107e-01
-3.499999999999999639e-02
-1.109999999999998321e+00
-9.999999999999988065e-03
-1.499999999999999251e-02
-5.000000000000000971e-03
-2.500000000000000139e-02
-1.400000000000000966e-01
-1.500000000000000291e-02
-1.500000000000000291e-02
-2.000000000000000042e-02
-1.850000000000001366e-01
-1.950000000000001454e-01
-7.500000000000005274e-02
-1.999999999999999695e-02
-2.500000000000000139e-02
-3.800000000000002820e-01
-2.500000000000000139e-02
-4.499999999999999833e-02
-1.499999999999999598e-02
-2.500000000000000139e-02
-5.999999999999999778e-02
-2.000000000000001082e-02
-5.000000000000007910e-03
-1.499999999999999944e-02
-5.000000000000001665e-02
-2.000000000000000389e-02
-2.500000000000000139e-02
-3.500000000000000333e-02
-6.499999999999998834e-02
-4.350000000000003308e-01
-2.999999999999999889e-02
-1.000000000000001235e-02
-2.000000000000000389e-02
-2.499999999999999792e-02
-1.500000000000000291e-02
-1.000000000000000888e-02
-1.000000000000002623e-02
-3.000000000000000583e-02
-3.000000000000000583e-02
-1.500000000000000118e-02
-6.999999999999999278e-02
-2.500000000000000486e-02
-9.000000000000001055e-02
-1.040834085586084257e-17
-1.000000000000000541e-02
-3.499999999999999639e-02
-1.850000000000001088e-01
-4.000000000000000777e-02
-2.500000000000000486e-02
-5.000000000000000971e-03
-5.000000000000003331e-01
-3.499999999999999639e-02
-6.500000000000002998e-02
-3.499999999999999639e-02
-9.999999999999998473e-03
-3.000000000000000583e-02
-2.000000000000000736e-02
-2.999999999999999542e-02
-3.250000000000002331e-01
-1.500000000000000291e-02
-9.999999999999998473e-03
-2.000000000000000389e-02
-2.000000000000000042e-02
-1.999999999999999695e-02
-3.999999999999999389e-02
-1.999999999999999695e-02
-1.499999999999999944e-02
-2.500000000000000139e-02
-2.500000000000000486e-02
-4.500000000000000527e-02
-9.150000000000007017e-01
-7.050000000000005151e-01
-2.500000000000000139e-02
-5.000000000000003053e-02
1.499999999999998904e-02
-2.499999999999999792e-02
-1.499999999999999944e-02
-4.499999999999999833e-02
5.000000000000004441e-03
-3.000000000000000583e-02
-2.999999999999999889e-02
-4.000000000000000083e-02
-1.500000000000000291e-02
-2.999999999999999889e-02
-4.500000000000000527e-02
-2.500000000000000139e-02
-2.300000000000001765e-01
-4.000000000000000777e-02
-1.999999999999999695e-02
-3.500000000000000333e-02
-2.500000000000000139e-02
9.000000000000001055e-02
-6.999999999999999278e-02
-3.000000000000000583e-02
-6.500000000000004385e-02
-2.000000000000000389e-02
-1.499999999999999944e-02
-2.500000000000000486e-02
-2.500000000000000486e-02
-3.750000000000002776e-01
-1.999999999999999695e-02
-2.500000000000000139e-02
-9.900000000000002132e-01
-1.500000000000000291e-02
-1.900000000000001132e-01
-2.600000000000001754e-01
-3.499999999999999639e-02
-5.500000000000002109e-02
-2.000000000000000736e-02
-3.499999999999999639e-02
-7.500000000000003886e-02
-3.000000000000000930e-02
-3.000000000000000583e-02
-4.500000000000001221e-02
-3.500000000000000333e-02
-2.999999999999999889e-02
-3.499999999999999639e-02
-2.500000000000001180e-02
-3.500000000000000333e-02
-5.500000000000002109e-02
-9.999999999999998473e-03
-5.000000000000000278e-02
-1.999999999999999695e-02
-1.500000000000000638e-02
-1.500000000000000291e-02
-2.000000000000000389e-02
-1.499999999999999944e-02
-1.499999999999999944e-02
-4.999999999999997502e-03
-3.500000000000001721e-02
-5.000000000000000278e-02
-4.500000000000001221e-02
-5.000000000000000278e-02
-5.999999999999999778e-02
-9.500000000000007327e-01
-3.999999999999999389e-02
-2.499999999999999792e-02
-6.500000000000000222e-02
-3.000000000000000583e-02
-5.000000000000003053e-02
-2.000000000000000042e-02
-3.499999999999999639e-02
-2.000000000000000389e-02
-2.000000000000000389e-02
-1.250000000000000833e-01
-3.000000000000000583e-02
-2.000000000000000736e-02
-1.500000000000000118e-02
-4.500000000000001221e-02
-1.500000000000000638e-02
-2.500000000000000139e-02
-5.000000000000000278e-02
-2.000000000000000389e-02
-2.500000000000001180e-02
-2.000000000000000389e-02
-3.499999999999999639e-02
-3.499999999999999639e-02
-1.750000000000001277e-01
-3.499999999999999639e-02
-3.499999999999999639e-02
-1.184999999999998721e+00
-4.500000000000000527e-02
-2.500000000000000486e-02
-4.999999999999997502e-03
-9.999999999999998473e-03
-3.150000000000002243e-01
-4.500000000000001221e-02
-1.999999999999999695e-02
-1.500000000000000291e-02
-4.950000000000003286e-01
-6.500000000000002998e-02
-3.499999999999999639e-02
-2.000000000000000389e-02
-1.500000000000001055e-01
-4.499999999999999833e-02
6.500000000000034917e-02
-8.000000000000001554e-02
-2.999999999999999889e-02
-2.000000000000000042e-02
-5.000000000000000278e-02
-1.000000000000000194e-02
-1.500000000000000638e-02
-3.500000000000000333e-02
-3.500000000000000333e-02
-3.999999999999999389e-02
-8.550000000000006484e-01
-3.000000000000000583e-02
-2.500000000000000833e-02
-2.000000000000000736e-02
-2.999999999999999889e-02
-1.500000000000000291e-02
-5.000000000000001665e-02
-6.500000000000000222e-02
-4.000000000000000777e-02
-2.300000000000001488e-01
-4.500000000000000527e-02
-2.999999999999999195e-02
-1.000000000000000888e-02
6.938893903907228378e-18
-1.499999999999999944e-02
-3.000000000000000583e-02
-2.500000000000000139e-02
-3.500000000000000333e-02
-3.000000000000000583e-02
-2.500000000000000486e-02
-1.500000000000000291e-02
-3.499999999999999639e-02
-3.499999999999999639e-02
-2.999999999999999889e-02
-5.499999999999999334e-02
-7.500000000000005551e-01
-5.999999999999999778e-02
-2.999999999999999542e-02
-3.999999999999999389e-02
-6.750000000000004885e-01
-1.494999999999992779e+00
-2.050000000000001543e-01
-4.000000000000000777e-02
-1.000000000000000194e-02
-2.500000000000000139e-02
-5.000000000000007910e-03
-5.500000000000000722e-02
-1.000000000000000194e-02
-2.000000000000001082e-02
-4.000000000000000777e-02
-1.000000000000000611e-01
-2.500000000000000139e-02
-2.500000000000000139e-02
-2.500000000000000139e-02
-3.000000000000000583e-02
-2.000000000000000042e-02
-2.000000000000000042e-02
-3.000000000000000236e-02
-3.000000000000000236e-02
-2.499999999999999792e-02
-2.650000000000002354e-01
-2.550000000000001155e-01
-3.499999999999999639e-02
-5.850000000000004086e-01
-5.000000000000004441e-03
-3.499999999999999639e-02
-2.050000000000001543e-01
1.040834085586084257e-17
-3.000000000000000583e-02
-2.999999999999999542e-02
-5.000000000000011380e-03
-9.850000000000004308e-01
-2.000000000000000042e-02
-2.000000000000001429e-02
-3.500000000000000333e-02
-3.000000000000000236e-02
-2.999999999999999542e-02
-2.000000000000000389e-02
-4.499999999999999833e-02
-4.499999999999998446e-02
-2.500000000000000486e-02
-9.150000000000007017e-01
-2.500000000000000486e-02
-3.499999999999999639e-02
-3.000000000000000583e-02
-4.000000000000002165e-02
-1.500000000000000291e-02
-4.450000000000003397e-01
-4.500000000000001221e-02
