-6.500000000000000222e-02
-8.500000000000001998e-02
-5.000000000000001665e-02
-4.999999999999976685e-02
-7.500000000000001110e-02
-1.249999999999998890e-01
-7.999999999999837796e-02
-9.500000000000000111e-02
-8.000000000000002942e-02
-9.000000000000003830e-02
-9.000000000000002442e-02
-7.500000000000003886e-02
-4.999999999999996114e-02
-8.000000000000000167e-02
-9.500000000000004274e-02
-6.999999999999999278e-02
-1.000000000000000472e-01
-7.499999999999999722e-02
-1.049999999999999961e-01
-6.500000000000001610e-02
-1.049999999999999545e-01
-8.500000000000001998e-02
-5.500000000000000722e-02
-6.500000000000000222e-02
-5.499999999999959088e-02
-1.000000000000000333e-01
-7.000000000000003442e-02
-1.999999999999945918e-02
-8.000000000000002942e-02
-1.000000000000000472e-01
-7.500000000000001110e-02
-1.000000000000000333e-01
-9.499999999999997335e-02
-1.049999999999999545e-01
-9.500000000000002887e-02
-8.499999999999997835e-02
-1.950000000000000622e-01
-5.500000000000002109e-02
-1.250000000000000000e-01
-7.500000000000001110e-02
-8.999999999999933054e-02
-6.500000000000001610e-02
-9.000000000000002442e-02
-8.000000000000001554e-02
1.450000000000000178e-01
-1.000000000000000333e-01
-4.999999999999954481e-02
-9.500000000000002887e-02
1.000000000000012337e-02
-7.999999999999776734e-02
-9.000000000000003830e-02
-7.000000000000003442e-02
-8.000000000000001554e-02
4.000000000000213107e-02
-9.000000000000002442e-02
-6.500000000000001610e-02
1.400000000000000411e-01
-6.500000000000001610e-02
-1.999999999999933775e-02
-1.000000000000000611e-01
-6.000000000000001166e-02
-1.400000000000000133e-01
-1.000000000000000194e-01
-7.000000000000002054e-02
-7.499999999999999722e-02
1.149999999999999079e-01
-1.150000000000000466e-01
-9.000000000000002442e-02
-1.050000000000000516e-01
-1.150000000000000466e-01
-7.500000000000002498e-02
-8.000000000000004330e-02
-8.500000000000003386e-02
-9.500000000000004274e-02
-4.499999999999962363e-02
-6.500000000000001610e-02
-1.450000000000000733e-01
-1.649999999999997857e-01
-6.499999999999998834e-02
-7.000000000000000666e-02
-8.500000000000003386e-02
-7.000000000000000666e-02
-8.999999999999828970e-02
-1.200000000000000511e-01
-7.500000000000001110e-02
-7.500000000000001110e-02
-9.000000000000003830e-02
-8.500000000000001998e-02
-8.500000000000000611e-02
-8.000000000000001554e-02
-1.050000000000000377e-01
-7.500000000000002498e-02
1.400000000000000688e-01
-6.000000000000001166e-02
-1.200000000000000233e-01
-8.000000000000001554e-02
-8.000000000000000167e-02
-7.499999999999985845e-02
-1.399999999999999578e-01
-8.000000000000000167e-02
-7.499999999999756861e-02
-7.500000000000003886e-02
-1.150000000000000466e-01
-1.149999999999998662e-01
-1.000000000000000472e-01
-7.000000000000003442e-02
-1.399999999999997913e-01
-8.500000000000000611e-02
-1.150000000000000328e-01
-9.500000000000000111e-02
-5.999999999999999778e-02
-9.500000000000004274e-02
-9.500000000000001499e-02
-6.000000000000001166e-02
-9.000000000000002442e-02
-1.650000000000000078e-01
-1.000000000000000056e-01
-7.000000000000000666e-02
-9.000000000000002442e-02
-8.500000000000000611e-02
-1.100000000000000283e-01
-7.999999999999996003e-02
-1.050000000000000377e-01
-5.000000000000000278e-02
-8.500000000000000611e-02
-1.100000000000000144e-01
-9.999999999999533568e-03
-9.500000000000002887e-02
-6.500000000000000222e-02
-1.050000000000000377e-01
-9.500000000000002887e-02
-9.000000000000002442e-02
-7.000000000000002054e-02
-1.299999999999999489e-01
-8.000000000000002942e-02
-8.500000000000004774e-02
-9.000000000000002442e-02
-1.300000000000000600e-01
-1.300000000000000600e-01
-1.050000000000000377e-01
-9.499999999999998723e-02
-1.050000000000000377e-01
-1.150000000000000466e-01
-8.500000000000001998e-02
-7.500000000000001110e-02
-6.500000000000002998e-02
-1.049999999999999545e-01
-7.500000000000001110e-02
-8.000000000000002942e-02
-5.499999999999999334e-02
2.100000000000001033e-01
-1.000000000000000194e-01
-7.500000000000002498e-02
-2.500000000000002220e-02
-9.500000000000002887e-02
-1.050000000000000239e-01
-8.500000000000003386e-02
-5.999999999999967859e-02
-1.100000000000000283e-01
-9.500000000000004274e-02
-1.100000000000000422e-01
-8.000000000000004330e-02
1.500000000000179315e-02
-9.000000000000003830e-02
-8.000000000000001554e-02
-7.500000000000003886e-02
-6.500000000000001610e-02
-7.499999999999959477e-02
-2.100000000000000200e-01
-1.000000000000000333e-01
1.500000000000000777e-01
-7.500000000000001110e-02
-9.000000000000003830e-02
-9.000000000000001055e-02
-1.150000000000000050e-01
-1.000000000000000472e-01
-6.000000000000002554e-02
-6.499999999999998834e-02
-8.500000000000004774e-02
-8.500000000000003386e-02
-8.500000000000003386e-02
-7.000000000000003442e-02
-9.000000000000001055e-02
-1.000000000000000333e-01
-8.500000000000001998e-02
-9.000000000000002442e-02
-9.500000000000005662e-02
-5.500000000000000722e-02
-9.500000000000002887e-02
-6.999999999999999278e-02
-8.499999999999999223e-02
-1.850000000000000533e-01
1.650000000000000633e-01
-6.500000000000002998e-02
-1.249999999999994726e-01
-7.500000000000003886e-02
-1.099999999999993899e-01
-8.500000000000004774e-02
-1.300000000000000322e-01
-1.150000000000000744e-01
-1.249999999999999167e-01
-8.500000000000003386e-02
-1.000000000000000333e-01
-9.000000000000001055e-02
-9.000000000000002442e-02
-8.499999999999999223e-02
-6.500000000000001610e-02
-7.500000000000003886e-02
-7.500000000000001110e-02
-1.600000000000000866e-01
-8.500000000000003386e-02
-1.150000000000000605e-01
-1.100000000000000422e-01
-1.200000000000000372e-01
-7.500000000000001110e-02
-8.999999999999999667e-02
-9.499999999999966804e-02
-9.000000000000002442e-02
-5.000000000000000278e-02
6.999999999999878542e-02
-7.000000000000000666e-02
-6.999999999999999278e-02
-6.500000000000001610e-02
-9.999999999999850675e-02
-6.000000000000001166e-02
-7.500000000000001110e-02
-7.000000000000000666e-02
-8.500000000000001998e-02
-1.050000000000000239e-01
-5.500000000000000722e-02
-6.500000000000000222e-02
-1.050000000000000377e-01
-1.499999999999999389e-01
-1.350000000000000644e-01
-1.000000000000000472e-01
-9.000000000000001055e-02
-1.100000000000000144e-01
-1.100000000000000422e-01
-6.500000000000002998e-02
-1.050000000000000377e-01
-1.100000000000000422e-01
-7.500000000000002498e-02
-1.100000000000000422e-01
-1.999999999999836631e-02
-1.550000000000000822e-01
-9.500000000000002887e-02
-1.149999999999999911e-01
-1.350000000000000921e-01
-8.499999999999974243e-02
-8.500000000000001998e-02
-8.999999999999998279e-02
-1.299999999999998379e-01
-1.200000000000000372e-01
-9.500000000000004274e-02
-9.367506770274758310e-16
-8.000000000000001554e-02
-1.049999999999987887e-01
-5.499999999999787004e-02
-1.349999999999999534e-01
-9.500000000000004274e-02
-8.500000000000003386e-02
-9.500000000000002887e-02
-1.250000000000000278e-01
-1.049999999999999961e-01
-5.999999999999992839e-02
-1.050000000000000100e-01
-7.500000000000003886e-02
-1.600000000000000588e-01
-7.500000000000003886e-02
-7.500000000000002498e-02
-6.999999999999999278e-02
-8.000000000000002942e-02
-1.099999999999999867e-01
-1.149999999999998523e-01
-8.999999999999953870e-02
-1.000000000000000611e-01
-9.500000000000004274e-02
-8.499999999999999223e-02
-7.000000000000003442e-02
-1.000000000000000333e-01
-8.500000000000001998e-02
-7.500000000000002498e-02
-1.200000000000000511e-01
-1.150000000000000189e-01
-1.500000000000001055e-01
-8.000000000000001554e-02
-1.049999999999999267e-01
-6.999999999999999278e-02
-7.000000000000000666e-02
-1.150000000000000189e-01
1.300000000000000044e-01
2.999999999999861805e-02
-8.000000000000002942e-02
-1.300000000000000600e-01
-1.300000000000001155e-01
-7.500000000000001110e-02
-9.000000000000001055e-02
-1.100000000000000422e-01
-1.000000000000000333e-01
-6.000000000000002554e-02
-9.500000000000005662e-02
-1.050000000000000239e-01
-1.550000000000000544e-01
-8.500000000000000611e-02
-7.999999999999987677e-02
-1.100000000000000144e-01
-1.949999999999999512e-01
-6.500000000000001610e-02
-5.500000000000000722e-02
-1.050000000000000377e-01
-7.000000000000004829e-02
-8.000000000000001554e-02
-9.500000000000002887e-02
-7.000000000000000666e-02
-1.000000000000000611e-01
-2.000000000000000666e-01
-6.000000000000001166e-02
1.249999999999999722e-01
-8.000000000000001554e-02
-7.000000000000000666e-02
-8.000000000000004330e-02
-6.499999999999997446e-02
-6.000000000000000472e-02
-9.500000000000002887e-02
-9.500000000000001499e-02
-1.300000000000000600e-01
-1.000000000000000056e-01
-1.199999999999996347e-01
3.000000000000464448e-02
-8.000000000000000167e-02
-8.000000000000004330e-02
-9.000000000000001055e-02
-1.900000000000000577e-01
-7.000000000000000666e-02
-8.999999999999760969e-02
-7.500000000000002498e-02
-1.100000000000000422e-01
-1.149999999999997136e-01
-8.500000000000001998e-02
-8.500000000000001998e-02
-9.000000000000002442e-02
-6.000000000000001166e-02
-9.500000000000002887e-02
-7.000000000000002054e-02
-9.499999999999911293e-02
-1.099999999999999867e-01
-8.500000000000000611e-02
-1.050000000000000377e-01
-8.000000000000002942e-02
-1.000000000000000333e-01
-9.499999999999997335e-02
-1.050000000000000377e-01
-1.099999999999997785e-01
-9.499999999999975131e-02
-1.249999999999997363e-01
-8.000000000000004330e-02
-5.500000000000000722e-02
-9.500000000000005662e-02
-9.000000000000002442e-02
-9.000000000000002442e-02
-8.999999999999999667e-02
-7.499999999999999722e-02
-1.299999999999999767e-01
-8.500000000000001998e-02
-1.349999999999997868e-01
2.499999999999919648e-02
-7.000000000000002054e-02
-1.200000000000000511e-01
-8.500000000000001998e-02
-1.100000000000000422e-01
-6.500000000000000222e-02
-1.400000000000000411e-01
-8.000000000000004330e-02
-1.000000000000001166e-01
-2.499999999999959199e-02
-7.499999999999999722e-02
-4.999999999999955869e-02
-9.500000000000002887e-02
-9.999999999999999167e-02
-8.500000000000001998e-02
-1.200000000000000511e-01
-6.499999999999975242e-02
-8.000000000000001554e-02
-1.250000000000000000e-01
-1.150000000000000189e-01
-1.300000000000000322e-01
-1.149999999999997830e-01
-1.699999999999999567e-01
-8.000000000000001554e-02
-9.000000000000003830e-02
-7.000000000000002054e-02
-1.000000000000000333e-01
-1.600000000000000311e-01
-1.549999999999998601e-01
1.200000000000000372e-01
-8.000000000000004330e-02
-9.000000000000002442e-02
-9.000000000000002442e-02
-1.000000000000000472e-01
-9.500000000000004274e-02
-9.000000000000002442e-02
-1.150000000000000466e-01
-6.999999999999999278e-02
-2.999999999999940908e-02
-1.299999999999981171e-01
-7.000000000000000666e-02
-1.200000000000000233e-01
-1.150000000000000050e-01
-5.999999999999888756e-02
-1.100000000000000283e-01
-1.150000000000000466e-01
-9.000000000000002442e-02
-9.500000000000002887e-02
-8.500000000000000611e-02
-7.500000000000002498e-02
-7.000000000000003442e-02
-7.500000000000001110e-02
-4.999999999999880235e-02
-1.100000000000000561e-01
-6.499999999999998834e-02
-1.150000000000000189e-01
-9.999999999999992228e-02
-5.500000000000000722e-02
-7.000000000000002054e-02
-7.499999999999999722e-02
-1.000000000000000333e-01
-8.500000000000003386e-02
-8.500000000000000611e-02
-7.000000000000002054e-02
-1.199999999999998290e-01
-9.500000000000005662e-02
-8.000000000000004330e-02
-8.499999999999974243e-02
-8.000000000000001554e-02
-9.500000000000002887e-02
-7.500000000000001110e-02
-1.100000000000000144e-01
-1.100000000000000561e-01
-1.000000000000000333e-01
-8.500000000000001998e-02
-2.000000000000000389e-01
-1.000000000000000333e-01
-1.450000000000000178e-01
1.300000000000000600e-01
-9.500000000000002887e-02
-1.449999999999995459e-01
-9.500000000000005662e-02
-9.500000000000000111e-02
-1.050000000000000794e-01
-1.050000000000000100e-01
-6.000000000000001166e-02
-1.150000000000000328e-01
-9.500000000000000111e-02
-9.499999999999984845e-02
-8.500000000000001998e-02
-1.199999999999999678e-01
-1.400000000000000688e-01
-7.500000000000001110e-02
-7.500000000000053846e-02
-7.500000000000002498e-02
-8.500000000000003386e-02
-8.500000000000004774e-02
-5.999999999999999778e-02
-7.500000000000002498e-02
-1.149999999999999911e-01
-1.000000000000000472e-01
-1.200000000000000233e-01
-1.600000000000000588e-01
-8.499999999999983957e-02
-8.500000000000001998e-02
1.300000000000000600e-01
-8.500000000000001998e-02
-8.000000000000001554e-02
-1.050000000000000377e-01
-1.450000000000000733e-01
-8.000000000000001554e-02
-9.500000000000002887e-02
-8.500000000000001998e-02
-1.150000000000000605e-01
1.550000000000000822e-01
-1.300000000000000600e-01
-6.000000000000002554e-02
-1.300000000000000322e-01
-7.500000000000001110e-02
-9.000000000000002442e-02
-9.000000000000003830e-02
-1.150000000000001021e-01
-1.300000000000000600e-01
-4.999999999999998890e-02
-4.000000000000000777e-02
-8.500000000000000611e-02
-1.000000000000000333e-01
-7.000000000000003442e-02
-8.500000000000003386e-02
-1.350000000000000366e-01
-9.500000000000002887e-02
-8.500000000000000611e-02
-9.500000000000000111e-02
-8.000000000000004330e-02
-9.499999999999993172e-02
