-4.500000000000001221e-02
-1.000000000000000056e-01
-4.500000000000001221e-02
-1.099999999999076716e-01
-6.999999999999798050e-02
5.000000000020654589e-03
-3.999999999994936772e-02
-1.000000000000000056e-01
-1.100000000000000283e-01
-6.499999999999896139e-02
-8.500000000000000611e-02
-1.000000000000000056e-01
-7.499999999994824695e-02
-8.000000000000001554e-02
-1.049999999999980116e-01
-6.000000000000001166e-02
-2.500000000000000139e-02
-1.150000000000000189e-01
-3.500000000000000333e-02
-4.500000000000001221e-02
-6.499999999997385647e-02
-1.000000000000000056e-01
-1.000000000000000056e-01
-3.000000000000000583e-02
-6.499999999996812494e-02
-5.999999999999999778e-02
0.000000000000000000e+00
-7.999999999989776400e-02
-7.500000000000003886e-02
-9.500000000000000111e-02
-5.500000000000000722e-02
-1.000000000000000056e-01
-9.000000000000001055e-02
-8.000000000000001554e-02
-1.000000000000000056e-01
-6.999999999998962608e-02
-8.499999999999727218e-02
-5.999999999999486300e-02
-8.499999999997520650e-02
-1.000000000000000056e-01
-1.099999999999046185e-01
-1.000000000000000056e-01
-2.499999999999865524e-02
-7.500000000000001110e-02
3.000000000000002665e-02
-2.999999999999999889e-02
-8.499999999996657452e-02
-1.299999999999938705e-01
-2.999999999995854594e-02
-6.499999999991862287e-02
-4.500000000000001221e-02
-4.500000000000000527e-02
-3.000000000000000236e-02
-5.999999999997332467e-02
-5.500000000000000722e-02
-1.299999999999979505e-01
-4.000000000000154821e-02
-2.000000000000000389e-02
-1.749999999997791655e-01
-8.000000000000004330e-02
-1.000000000000000056e-01
-1.299999999999792988e-01
-8.500000000000000611e-02
-5.000000000000000971e-03
-1.150000000000000050e-01
-3.000000000000570266e-02
-6.499999999999800382e-02
-4.499999999999934608e-02
-1.499999999999157563e-02
5.000000000002155498e-03
-6.000000000000001166e-02
-5.000000000000001665e-02
-3.499999999999999639e-02
-2.500000000000000139e-02
-9.999999999990580313e-02
-1.050000000000000100e-01
-1.399999999999979594e-01
-1.049999999999445960e-01
-1.000000000000000056e-01
-8.500000000000000611e-02
-6.500000000000000222e-02
-1.000000000000000056e-01
-1.199999999999418754e-01
-2.500000000000000486e-02
-3.000000000000000583e-02
-8.500000000000004774e-02
-5.999999999999797162e-02
-3.000000000000000583e-02
-5.500000000000002109e-02
-5.500000000000000028e-02
-9.999999999998618327e-02
-4.500000000000001221e-02
0.000000000000000000e+00
-1.050000000000000100e-01
-5.000000000000000971e-02
-1.000000000000000056e-01
-5.500000000000000722e-02
-5.499999999998055056e-02
-9.999999999998132605e-02
-9.500000000000002887e-02
-8.999999999991380173e-02
-1.050000000000000100e-01
-9.500000000000000111e-02
-3.499999999999867106e-02
-7.000000000000000666e-02
-1.999999999999481012e-02
-3.000000000000000583e-02
-9.500000000000000111e-02
-5.500000000000000722e-02
-8.000000000000002942e-02
-3.500000000000000333e-02
-3.500000000000000333e-02
-1.050000000000000100e-01
0.000000000000000000e+00
-2.500000000000000139e-02
2.000000000000618297e-02
-9.499999999998343103e-02
-4.999999999999999584e-02
-3.500000000000000333e-02
-6.500000000000000222e-02
-6.500000000000002998e-02
2.737393645091401595e-15
-3.500000000000000333e-02
-5.000000000000000971e-03
-5.000000000000000278e-02
-5.000000000000000971e-02
-9.499999999994128419e-02
-2.500000000000000139e-02
0.000000000000000000e+00
-1.000000000000000056e-01
-2.000000000000000042e-02
-1.150000000000000189e-01
-5.000000000000001665e-02
-6.499999999999386824e-02
-8.999999999999799827e-02
-9.500000000000000111e-02
-9.499999999999730882e-02
-1.199999999999958600e-01
-9.499999999999830802e-02
-1.000000000000000194e-02
-5.499999999999483080e-02
-7.500000000000001110e-02
-5.499999999999657940e-02
-1.000000000000000056e-01
-2.500000000000000139e-02
-7.999999999999728162e-02
-1.150000000000000050e-01
-1.200000000000000233e-01
-1.100000000000000144e-01
-5.999999999999999778e-02
-2.500000000000401901e-02
-5.000000000000000278e-02
-1.000000000000000056e-01
-2.499999999998656769e-02
-9.500000000000001499e-02
-5.500000000000002109e-02
-1.000000000000000056e-01
-2.999999999998437597e-02
-4.500000000000000527e-02
-1.249999999999938938e-01
-3.500000000000000333e-02
-5.000000000000000278e-02
-1.049999999998866007e-01
-1.000000000000000194e-02
-2.000000000000000389e-02
-2.000000000000000389e-02
-5.500000000000002109e-02
-6.999999999996661670e-02
-6.999999999999378941e-02
-6.999999999999999278e-02
-5.500000000000812572e-02
-8.500000000000000611e-02
-6.500000000000000222e-02
-1.000000000000000056e-01
-5.999999999999999778e-02
5.000000000004140022e-03
-3.999999999999900857e-02
-3.500000000000000333e-02
-8.499999999999385825e-02
-4.500000000000001221e-02
-1.500000000000000291e-02
-2.500000000000000486e-02
-8.500000000000000611e-02
-9.000000000000001055e-02
-1.000000000000000056e-01
-4.000000000000000777e-02
-2.500000000000000486e-02
-7.500000000000001110e-02
-1.000000000000000056e-01
-5.000000000000000278e-02
0.000000000000000000e+00
-1.049999999999958467e-01
3.999999999999576117e-02
-3.999999999999999389e-02
-7.499999999994602651e-02
-8.499999999999591216e-02
-1.849999999999562827e-01
-6.000000000000001166e-02
-1.749999999999979905e-01
-1.050000000000000100e-01
-1.999999999999073005e-02
-6.999999999999803602e-02
-5.499999999999898026e-02
-5.000000000000000278e-02
-1.000000000000000194e-02
-7.500000000000002498e-02
-7.500000000000001110e-02
-3.999999999999480360e-02
-3.500000000000000333e-02
-8.999999999998900546e-02
-5.500000000000002109e-02
-9.500000000000001499e-02
-8.500000000000000611e-02
-1.000000000000000056e-01
-9.500000000000002887e-02
-9.500000000000000111e-02
-2.499999999994038588e-02
-1.099999999999813627e-01
-2.500000000000000139e-02
5.499999999994450994e-02
-1.000000000000000056e-01
-3.499999999999999639e-02
-7.499999999999726330e-02
-1.399999999998997602e-01
-4.500000000000001221e-02
-2.500000000000000486e-02
-1.000000000000000194e-02
-9.000000000000002442e-02
-1.000000000000000056e-01
-3.500000000000000333e-02
-2.500000000000000139e-02
-5.499999999999061195e-02
-1.149999999999792855e-01
-3.499999999999864331e-02
-9.500000000000000111e-02
-3.999999999999999389e-02
-4.499999999999654277e-02
-4.999999999999135691e-02
-1.000000000000000056e-01
-1.000000000000000056e-01
-8.000000000000001554e-02
-2.000000000000000389e-02
-7.500000000000001110e-02
-1.199999999998769135e-01
-7.499999999999309996e-02
-4.000000000000000777e-02
-1.349999999999979550e-01
-3.499999999999379996e-02
-1.349999999999279554e-01
-5.499999999997659539e-02
-6.500000000000002998e-02
-1.399999999999545774e-01
-5.999999999999999778e-02
-3.499999999999607592e-02
-1.050000000000224643e-01
-9.500000000000000111e-02
-9.999999999966802805e-03
-1.299999999999377209e-01
-1.349999999999876299e-01
-5.500000000000002109e-02
-9.500000000000000111e-02
-3.500000000000000333e-02
-1.699999999999750599e-01
-9.500000000000000111e-02
-2.499999999997574301e-02
-6.500000000000001610e-02
-1.000000000000000056e-01
-1.049999999999930711e-01
-8.499999999999591216e-02
-5.000000000000000278e-02
-1.150000000000000050e-01
-6.000000000000002554e-02
-1.100000000000000144e-01
-3.999999999998422873e-02
-1.349999999998829359e-01
-4.500000000000001221e-02
-7.000000000000003442e-02
-9.500000000000000111e-02
-4.500000000000001221e-02
-1.000000000000000056e-01
-8.500000000000000611e-02
-5.000000000000001665e-02
-2.499999999999861361e-02
-6.000000000000002554e-02
-7.499999999999773515e-02
-8.500000000000000611e-02
-6.499999999998135047e-02
-4.500000000000001221e-02
-4.500000000000001221e-02
-2.500000000000000139e-02
-2.000000000000609623e-02
4.999999999984718058e-03
-2.500000000000000139e-02
-1.449999999999917188e-01
-7.500000000000001110e-02
-1.000000000000000056e-01
-3.000000000000000583e-02
-1.000000000000000056e-01
-1.050000000000000100e-01
-9.000000000000001055e-02
-1.249999999999979461e-01
-1.500000000000000291e-02
-1.049999999999696176e-01
-4.500000000000001221e-02
-1.699999999999356748e-01
-1.150000000000000466e-01
-8.999999999997090883e-02
-6.500000000000001610e-02
-1.150000000000000050e-01
-4.000000000000000777e-02
-9.499999999998759437e-02
-7.000000000000002054e-02
6.834810495348619952e-16
-1.000000000000000056e-01
-1.500000000000000291e-02
-1.499999999999854783e-01
-4.500000000000001221e-02
-4.500000000002021827e-02
-1.000000000000000056e-01
-1.300000000000000322e-01
-8.500000000000000611e-02
-4.999999999998344657e-02
-1.000000000000000056e-01
-2.500000000000000486e-02
-1.000000000000000056e-01
-1.050000000000000100e-01
-9.500000000000000111e-02
-1.299999999999332800e-01
-4.499999999999935996e-02
-1.100000000000000144e-01
1.500000000000096395e-02
-1.000000000000000056e-01
-3.499999999999867106e-02
-5.000000000000001665e-02
-1.099999999999057565e-01
-9.000000000000001055e-02
-6.500000000000000222e-02
-1.149999999999304634e-01
1.000000000000273934e-02
-6.000000000000002554e-02
-5.000000000000001665e-02
-1.000000000000000194e-02
-3.499999999997838174e-02
-2.000000000000000389e-02
-4.499999999995309141e-02
-7.000000000000002054e-02
-1.000000000000000056e-01
-4.499999999999999833e-02
-9.500000000000001499e-02
0.000000000000000000e+00
-8.999999999996130540e-02
-8.999999999997769506e-02
-4.999999999984815202e-03
-1.999999999993359520e-02
-1.249999999999958644e-01
-2.500000000000000139e-02
-7.500000000000003886e-02
-5.000000000000000278e-02
-6.000000000000002554e-02
-8.500000000000004774e-02
-3.000000000000000583e-02
-4.000000000000000777e-02
-1.000000000000000056e-01
-9.000000000000001055e-02
-9.499999999995137334e-02
-9.000000000000700495e-02
-1.000000000000000056e-01
-6.999999999998202105e-02
-4.500000000000001221e-02
-1.000000000000000056e-01
-5.000000000000000278e-02
-5.499999999999724554e-02
-1.400000000000000411e-01
-3.999999999999172273e-02
-9.999999999994702016e-02
-7.500000000000001110e-02
-4.999999999994536592e-02
-7.500000000000001110e-02
-4.500000000000000527e-02
-3.499999999999999639e-02
-1.099999999999980715e-01
-6.999999999994521716e-02
-4.999999999998706868e-03
-1.300000000000000044e-01
-4.000000000000000777e-02
-6.500000000000001610e-02
-1.099999999999088651e-01
-4.499999999999590439e-02
-1.500000000000000291e-02
-2.500000000000000139e-02
-2.500000000000000139e-02
-8.500000000000003386e-02
-1.399999999999515243e-01
-8.999999999995397792e-02
0.000000000000000000e+00
-5.500000000000000722e-02
-8.999999999996893818e-02
-5.500000000000002109e-02
-1.000000000000000056e-01
-2.999999999999999889e-02
-1.050000000000000377e-01
1.500000000000206030e-02
-1.049999999999861461e-01
4.500000000002356282e-02
-8.999999999992264188e-02
-4.000000000000000083e-02
-4.500000000000000527e-02
-4.999999999999449329e-02
5.000000000035333819e-03
-1.150000000000000189e-01
-1.199999999999972478e-01
-1.000000000000000056e-01
-9.000000000000001055e-02
-9.999999999999861777e-02
-7.000000000000000666e-02
-1.000000000000000056e-01
-1.000000000000000056e-01
-7.499999999994069744e-02
-3.000000000000000583e-02
-4.000000000000000777e-02
-7.499999999997303268e-02
-9.999999999992712635e-03
-6.000000000000002554e-02
-1.500000000000000291e-02
-5.000000000000000971e-03
-4.000000000000000777e-02
-1.000000000000000056e-01
-2.500000000000000486e-02
-1.000000000000000056e-01
-5.999999999997238098e-02
-4.000000000000000777e-02
-4.500000000000001221e-02
-8.499999999995391797e-02
-2.999999999999999889e-02
-9.000000000000001055e-02
-6.999999999999999278e-02
-9.500000000000000111e-02
-1.150000000000000189e-01
-6.999999999999999278e-02
-1.499999999999894473e-02
-1.349999999999708933e-01
-9.500000000000000111e-02
-8.499999999998211764e-02
5.000000000000004441e-03
-4.500000000000001221e-02
-7.499999999997783440e-02
-1.000000000000000056e-01
-1.100000000000000144e-01
4.500000000000262124e-02
-5.000000000000001665e-02
-5.000000000000000278e-02
-8.500000000000000611e-02
-4.999999999998355760e-02
-5.999999999997507327e-02
-2.500000000000000486e-02
-1.399999999999731459e-01
-1.449999999999959099e-01
-8.000000000000001554e-02
-1.399999999999197442e-01
-8.500000000000000611e-02
-1.000000000000000056e-01
5.485195631038664033e-15
-4.500000000000000527e-02
-4.499999999999999833e-02
-7.499999999999795719e-02
-1.000000000000000056e-01
-5.500000000000002109e-02
-5.499999999998567146e-02
-5.499999999995169864e-02
-4.500000000000001221e-02
-1.512678871051775786e-15
-5.000000000000000971e-03
-1.000000000000000056e-01
-1.000000000000000056e-01
-1.249999999999855671e-01
-3.000000000000000583e-02
-3.500000000000000333e-02
-1.000000000000000056e-01
-6.999999999999581557e-02
0.000000000000000000e+00
-1.249999999999937828e-01
-9.500000000000000111e-02
-6.000000000000002554e-02
-1.500000000000000291e-02
-9.000000000000001055e-02
-1.000000000000000056e-01
-3.000000000000000236e-02
-6.000000000000002554e-02
-1.249999999999980016e-01
-7.499999999999824862e-02
-8.500000000000001998e-02
-3.500000000000000333e-02
-1.399999999999938793e-01
-5.500000000000002109e-02
-1.049999999999916833e-01
-8.999999999999493128e-02
-7.500000000000002498e-02
-1.150000000000000050e-01
-6.000000000000002554e-02
-1.449999999999813105e-01
