-8.500000000000000611e-02
-1.000000000000000056e-01
-7.499999999999999722e-02
-1.000000000000000056e-01
-9.000000000000001055e-02
-5.999999999999995615e-02
-8.000000000000001554e-02
-4.499999999999999833e-02
-5.500000000000000722e-02
-6.999999999999999278e-02
-5.500000000000000722e-02
-7.000000000000000666e-02
-1.500000000000000291e-02
-5.000000000000000278e-02
-8.500000000000000611e-02
-5.500000000000002109e-02
-6.500000000000001610e-02
-2.500000000000000139e-02
-3.500000000000000333e-02
-8.500000000000000611e-02
-3.500000000000000333e-02
-3.000000000000000583e-02
-6.500000000000000222e-02
-1.000000000000000056e-01
2.500000000000417166e-02
-3.500000000000000333e-02
-1.050000000000000100e-01
-9.000000000000001055e-02
-5.500000000000000722e-02
-9.500000000000000111e-02
-1.000000000000000056e-01
-9.000000000000001055e-02
-5.000000000000000278e-02
-7.000000000000000666e-02
-9.000000000000001055e-02
-4.000000000000000777e-02
-7.000000000000002054e-02
-4.499999999999999833e-02
-8.500000000000000611e-02
-9.000000000000001055e-02
-4.499999999999935302e-02
-2.500000000000000486e-02
-3.500000000000000333e-02
-7.499999999999970579e-02
-4.000000000000000777e-02
-1.000000000000000056e-01
-3.500000000000000333e-02
-4.000000000000000777e-02
-9.499999999999791944e-02
-1.000000000000000056e-01
-5.500000000000000722e-02
-4.500000000000001221e-02
-6.500000000000000222e-02
-9.000000000000001055e-02
-8.500000000000000611e-02
-8.000000000000001554e-02
-4.999999999999577005e-02
-6.999999999999999278e-02
-6.000000000000001166e-02
-4.500000000000001221e-02
-6.000000000000001166e-02
-6.500000000000000222e-02
-5.000000000000001665e-02
-5.000000000000000278e-02
-7.999999999999998779e-02
-3.999999999999999389e-02
-8.000000000000001554e-02
-2.500000000000000486e-02
-4.499999999999999833e-02
-9.500000000000000111e-02
-1.149999999999926359e-01
-8.500000000000000611e-02
-8.500000000000000611e-02
-5.000000000000000278e-02
-5.000000000000001665e-02
-5.999999999999997002e-02
-9.000000000000001055e-02
-9.000000000000001055e-02
-1.000000000000000056e-01
-2.500000000000000139e-02
-4.000000000000000777e-02
-6.000000000000002554e-02
-5.000000000000001665e-02
-9.500000000000000111e-02
-5.500000000000000722e-02
-3.999999999999716283e-02
-5.500000000000000722e-02
-4.000000000000000777e-02
-5.500000000000002109e-02
-2.500000000000000139e-02
-6.999999999999997891e-02
-1.000000000000000056e-01
-2.000000000000000389e-02
-3.000000000000000236e-02
-3.500000000000000333e-02
-3.500000000000000333e-02
-4.500000000000001221e-02
-2.000000000000000389e-02
-7.000000000000000666e-02
-6.500000000000000222e-02
-1.500000000000000291e-02
-3.499999999999996170e-02
-3.000000000000000236e-02
-1.000000000000000056e-01
-3.000000000000000236e-02
-5.499999999999966027e-02
-2.000000000000000389e-02
-3.500000000000000333e-02
-1.000000000000000056e-01
-5.000000000000001665e-02
-6.999999999999999278e-02
-9.500000000000000111e-02
-5.000000000000001665e-02
-5.000000000000001665e-02
-4.500000000000000527e-02
-2.999999999999999889e-02
-3.499999999999987843e-02
-2.500000000000000486e-02
-6.500000000000000222e-02
-2.500000000000000486e-02
-4.000000000000000777e-02
-8.500000000000000611e-02
-9.500000000000000111e-02
-3.500000000000000333e-02
-5.500000000000000722e-02
-3.000000000000000583e-02
-1.000000000000000194e-02
-4.500000000000001221e-02
-7.500000000000001110e-02
-2.500000000000000486e-02
-2.999999999999847580e-02
-7.500000000000001110e-02
-1.000000000000000056e-01
-3.000000000000000583e-02
-3.500000000000000333e-02
-6.500000000000002998e-02
-7.499999999999967804e-02
-7.500000000000001110e-02
-6.500000000000001610e-02
-1.000000000000000056e-01
-5.500000000000000722e-02
-9.500000000000000111e-02
-3.499999999999943434e-02
-4.000000000000000777e-02
-9.500000000000000111e-02
-5.500000000000000722e-02
-5.000000000000000971e-02
-4.000000000000000777e-02
-7.500000000000001110e-02
5.000000000000004441e-03
-1.000000000000000056e-01
-6.999999999999995115e-02
-5.999999999999999778e-02
-1.000000000000000056e-01
-8.000000000000001554e-02
-3.174543961037556983e-16
-2.000000000000000042e-02
-9.500000000000000111e-02
-8.500000000000000611e-02
-3.999999999999928613e-02
-5.500000000000002109e-02
-2.000000000000000389e-02
-1.999999999999999348e-02
-5.000000000000000971e-03
-5.000000000000001665e-02
-1.050000000000000239e-01
-8.500000000000000611e-02
-3.500000000000000333e-02
-8.000000000000001554e-02
-6.500000000000000222e-02
-6.499999999999941935e-02
-6.000000000000001166e-02
-1.000000000000000056e-01
5.000000000000000971e-03
-3.000000000000000583e-02
-4.500000000000001221e-02
-7.000000000000000666e-02
-9.500000000000002887e-02
-4.000000000000000777e-02
-7.500000000000001110e-02
-2.499999999999997016e-02
-5.000000000000001665e-02
-4.000000000000000777e-02
-4.000000000000000777e-02
-4.500000000000001221e-02
-8.500000000000000611e-02
-7.500000000000001110e-02
-7.500000000000001110e-02
-3.499999999999976741e-02
-5.000000000000000278e-02
-5.000000000000001665e-02
-1.000000000000000194e-02
-5.999999999999999778e-02
-8.500000000000000611e-02
-5.500000000000002109e-02
-9.000000000000001055e-02
-1.999999999999978878e-02
-8.500000000000000611e-02
-9.500000000000000111e-02
-3.000000000000000583e-02
-3.499999999999998945e-02
-1.999999999999998654e-02
-2.500000000000000486e-02
-5.000000000000001665e-02
-5.000000000000001665e-02
-5.500000000000000722e-02
-9.500000000000000111e-02
-4.499999999999682726e-02
-5.499999999999999334e-02
-7.500000000000001110e-02
-5.499999999999993783e-02
-5.000000000000000278e-02
-8.500000000000001998e-02
-5.000000000000001665e-02
-7.999999999999998779e-02
-4.999999999999997502e-02
-3.000000000000000583e-02
-3.500000000000000333e-02
-5.000000000000000278e-02
-5.000000000000000278e-02
-8.500000000000001998e-02
-5.999999999999991451e-02
-2.500000000000000486e-02
-1.000000000000000056e-01
-7.500000000000001110e-02
-1.000000000000000056e-01
-6.000000000000001166e-02
-5.500000000000000722e-02
-4.000000000000000777e-02
-9.000000000000001055e-02
-5.000000000000001665e-02
-8.500000000000000611e-02
-7.999999999999946043e-02
-5.000000000000000278e-02
-9.499999999999683697e-02
-1.000000000000000194e-02
-8.500000000000000611e-02
-1.000000000000000056e-01
-8.000000000000001554e-02
-6.999999999999999278e-02
-9.999999999999998473e-03
-8.999999999999999667e-02
-1.500000000000000291e-02
-8.500000000000000611e-02
-6.500000000000000222e-02
-1.000000000000000056e-01
-5.000000000000000278e-02
-3.500000000000000333e-02
-1.050000000000000100e-01
-5.000000000000000278e-02
-9.000000000000001055e-02
-3.000000000000000583e-02
-7.500000000000001110e-02
-1.000000000000000056e-01
-9.500000000000000111e-02
-3.499999999999999639e-02
-2.500000000000000486e-02
-1.000000000000000056e-01
-1.499999999999999944e-02
-3.499999999999999639e-02
-5.500000000000002109e-02
-3.999999999999837019e-02
-4.500000000000000527e-02
-4.500000000000000527e-02
-5.500000000000002109e-02
-1.500000000000000291e-02
-9.500000000000000111e-02
-4.000000000000000777e-02
-5.000000000000000278e-02
-7.999999999999996003e-02
-8.499999999999999223e-02
-1.000000000000000056e-01
-3.499999999999999639e-02
-1.000000000000000056e-01
-3.500000000000000333e-02
-1.099999999999977385e-01
-1.000000000000000194e-02
-5.000000000000001665e-02
-6.500000000000001610e-02
-9.000000000000001055e-02
-3.000000000000000583e-02
-3.500000000000061395e-02
-7.499999999999998335e-02
-8.000000000000001554e-02
-4.499999999999999833e-02
-2.000000000000000042e-02
-4.000000000000000777e-02
-3.000000000000000236e-02
-7.499999999999901190e-02
-2.500000000000000139e-02
-7.000000000000002054e-02
-8.000000000000001554e-02
-5.000000000000000278e-02
-8.500000000000000611e-02
-6.999999999999999278e-02
-5.000000000000001665e-02
-1.000000000000000056e-01
-7.000000000000003442e-02
-2.000000000000000042e-02
-8.500000000000000611e-02
-2.999999999999999889e-02
-9.000000000000001055e-02
-7.499999999999953926e-02
-5.000000000000001665e-02
-6.000000000000001166e-02
-4.500000000000001221e-02
-6.500000000000000222e-02
-9.999999999999997780e-02
-1.000000000000000056e-01
-2.500000000000000139e-02
-5.000000000000001665e-02
-8.500000000000001998e-02
-5.500000000000000722e-02
-3.000000000000000583e-02
-2.500000000000000486e-02
-2.500000000000000486e-02
-4.500000000000001221e-02
-5.500000000000000722e-02
-5.000000000000000278e-02
-7.000000000000002054e-02
-8.000000000000002942e-02
-3.000000000000000583e-02
-1.000000000000000056e-01
-2.500000000000000486e-02
-1.000000000000000056e-01
-2.499999999999992853e-02
-6.999999999999978462e-02
-8.500000000000000611e-02
-9.000000000000001055e-02
-9.500000000000000111e-02
-1.500000000000000291e-02
-1.000000000000000056e-01
-3.500000000000000333e-02
-7.499999999999387712e-02
-5.999999999999997002e-02
-6.999999999999999278e-02
-7.500000000000001110e-02
-1.000000000000000056e-01
-1.100000000000000422e-01
-4.000000000000000777e-02
-7.499999999999999722e-02
-1.000000000000000056e-01
-8.999999999999999667e-02
-5.499999999999993783e-02
-6.500000000000000222e-02
-1.000000000000000056e-01
-8.999999999999984401e-02
-5.500000000000000722e-02
-1.000000000000000056e-01
-1.049999999999961103e-01
-2.999999999999994685e-02
-4.000000000000000777e-02
-7.499999999999999722e-02
-8.500000000000000611e-02
-4.000000000000000777e-02
-9.000000000000002442e-02
-7.500000000000001110e-02
-7.500000000000001110e-02
-9.000000000000001055e-02
-1.500000000000000291e-02
-3.500000000000000333e-02
-9.500000000000001499e-02
-5.000000000000000278e-02
-1.500000000000000291e-02
-8.500000000000000611e-02
-5.999999999999999778e-02
-4.500000000000001221e-02
-6.000000000000002554e-02
-6.000000000000001166e-02
-6.500000000000000222e-02
-3.000000000000000236e-02
-2.000000000000000389e-02
-1.050000000000000100e-01
-5.499999999999796718e-02
-2.500000000000000139e-02
-3.999999999999996614e-02
-5.999999999999999778e-02
-6.500000000000002998e-02
-4.000000000000000777e-02
-9.500000000000000111e-02
-5.000000000000001665e-02
-3.000000000000000583e-02
-1.050000000000000100e-01
-9.500000000000000111e-02
-7.499999999999999722e-02
-9.500000000000000111e-02
-1.500000000000000291e-02
-3.500000000000000333e-02
-9.000000000000002442e-02
-3.000000000000000583e-02
-1.000000000000000056e-01
-5.000000000000000278e-02
-5.999999999999887368e-02
-3.000000000000000236e-02
-4.500000000000001221e-02
-9.500000000000001499e-02
-7.499999999999748534e-02
-8.000000000000001554e-02
-4.500000000000001221e-02
-9.499999999999733657e-02
-1.100000000000000144e-01
-3.999999999999999389e-02
-2.500000000000000486e-02
-5.499999999999999334e-02
-5.000000000000000278e-02
-5.500000000000002109e-02
-6.999999999999995115e-02
-9.500000000000000111e-02
-2.000000000000000389e-02
-9.500000000000002887e-02
-9.000000000000001055e-02
-4.000000000000000777e-02
-2.500000000000000486e-02
-1.500000000000000291e-02
-1.000000000000000194e-02
-7.499999999999197586e-02
-6.999999999999986788e-02
-5.000000000000001665e-02
-5.500000000000000722e-02
-5.999999999999999778e-02
-9.999999999999984596e-03
-6.500000000000001610e-02
-8.000000000000001554e-02
-5.999999999999999778e-02
-1.000000000000000056e-01
-4.999999999999968359e-02
-4.500000000000001221e-02
-4.999999999999997502e-03
-6.499999999999191147e-02
-6.499999999999903078e-02
-5.000000000000000278e-02
-5.500000000000002109e-02
-8.000000000000001554e-02
-9.499999999999937661e-02
-7.999999999999928002e-02
-7.499999999999999722e-02
-7.500000000000001110e-02
-3.000000000000000583e-02
-9.999999999999920064e-02
-1.000000000000000056e-01
-4.499999999999998446e-02
-1.000000000000000056e-01
-4.000000000000000777e-02
-4.000000000000000777e-02
-9.500000000000000111e-02
0.000000000000000000e+00
-5.000000000000001665e-02
-3.000000000000000236e-02
-9.500000000000000111e-02
-1.000000000000000056e-01
-6.500000000000001610e-02
-7.499999999999998335e-02
-4.000000000000000777e-02
-5.500000000000000722e-02
-8.999999999999555578e-02
-6.500000000000001610e-02
-1.000000000000000056e-01
-3.500000000000000333e-02
-8.500000000000000611e-02
-2.000000000000000389e-02
-5.500000000000000722e-02
-1.000000000000000056e-01
-3.500000000000000333e-02
-3.500000000000000333e-02
-4.000000000000000777e-02
-2.500000000000000139e-02
-7.999999999999735101e-02
-3.999999999999996614e-02
-1.000000000000000194e-02
-1.000000000000000056e-01
-6.499999999999998834e-02
-6.000000000000001166e-02
-5.500000000000001416e-02
-5.500000000000000722e-02
-9.500000000000000111e-02
-8.500000000000001998e-02
-4.500000000000001221e-02
-7.999999999999984901e-02
-8.999999999999688804e-02
-5.000000000000000278e-02
-3.500000000000000333e-02
-3.999999999999999389e-02
-3.000000000000000236e-02
-6.999999999999999278e-02
-1.500000000000000291e-02
-3.499999999999998945e-02
-9.500000000000000111e-02
-5.000000000000000278e-02
-5.000000000000000278e-02
-9.500000000000000111e-02
-8.000000000000001554e-02
-3.500000000000000333e-02
-4.500000000000001221e-02
-1.000000000000000056e-01
-1.500000000000000291e-02
-5.999999999999997002e-02
-2.500000000000000139e-02
-6.999999999999999278e-02
-3.500000000000000333e-02
-3.500000000000000333e-02
-6.500000000000002998e-02
-3.000000000000000583e-02
-8.500000000000000611e-02
-2.500000000000000486e-02
-8.500000000000000611e-02
-3.500000000000000333e-02
-9.000000000000002442e-02
-1.500000000000000291e-02
-3.500000000000000333e-02
-6.000000000000002554e-02
-4.499999999999997058e-02
-6.500000000000000222e-02
-3.000000000000000583e-02
-6.500000000000000222e-02
-1.000000000000000056e-01
-2.500000000000000486e-02
-3.000000000000000583e-02
-7.500000000000001110e-02
-1.000000000000000194e-02
-2.500000000000000139e-02
-8.999999999999906686e-02
-5.999999999999997002e-02
-5.500000000000000722e-02
-3.500000000000000333e-02
-4.000000000000000777e-02
-9.000000000000001055e-02
-4.499999999999999833e-02
-6.000000000000001166e-02
-5.500000000000000722e-02
-9.000000000000001055e-02
-9.500000000000000111e-02
-4.500000000000001221e-02
-1.000000000000000056e-01
-4.000000000000000777e-02
-7.000000000000002054e-02
-6.999999999999999278e-02
-4.000000000000000777e-02
-2.000000000000000042e-02
-1.000000000000000194e-01
-5.500000000000002109e-02
-9.999999999999963085e-02
-3.999999999999999389e-02
-4.499999999999997058e-02
-1.050000000000000100e-01
-2.500000000000000486e-02
-6.000000000000002554e-02
-9.000000000000001055e-02
-2.500000000000000486e-02
-9.999999999999981126e-03
-2.500000000000000139e-02
-3.499999999999999639e-02
-7.500000000000001110e-02
-6.500000000000001610e-02
-5.999999999999999778e-02
-3.499999999999998945e-02
-1.999999999999999348e-02
-5.500000000000000722e-02
-4.000000000000000777e-02
-4.000000000000000777e-02
-4.000000000000000777e-02
-4.999999999999948930e-02
-6.999999999999989564e-02
-1.050000000000000100e-01
-8.500000000000000611e-02
-8.999999999999998279e-02
-3.500000000000000333e-02
-6.000000000000001166e-02
-1.049999999999948891e-01
-3.000000000000000236e-02
-5.499999999999996558e-02
-8.000000000000001554e-02
-4.499999999999948486e-02
-4.999999999999860112e-02
-9.500000000000000111e-02
-1.000000000000000194e-02
-7.000000000000002054e-02
-9.500000000000000111e-02
-6.499999999999675482e-02
-5.000000000000000278e-02
-6.500000000000002998e-02
-6.500000000000000222e-02
-1.150000000000000189e-01
-8.499999999999996447e-02
-3.500000000000000333e-02
-9.000000000000001055e-02
-8.500000000000001998e-02
-5.999999999999999778e-02
-3.000000000000000583e-02
-1.099999999999962952e-01
-9.000000000000001055e-02
-8.000000000000001554e-02
-3.500000000000000333e-02
-4.500000000000001221e-02
-5.500000000000000722e-02
-1.000000000000000056e-01
-5.000000000000000971e-03
-3.000000000000000583e-02
-5.000000000000000971e-02
-6.500000000000001610e-02
-6.000000000000001166e-02
-9.000000000000001055e-02
-1.100000000000000144e-01
-3.499999999999999639e-02
-4.500000000000000527e-02
-1.099999999999989458e-01
-6.499999999999908629e-02
-2.499999999999997363e-02
-4.000000000000000777e-02
-5.500000000000000722e-02
-3.000000000000000236e-02
-6.000000000000002554e-02
-2.000000000000000389e-02
-2.000000000000000389e-02
-4.000000000000000777e-02
-8.000000000000001554e-02
-2.000000000000000389e-02
-2.500000000000000486e-02
-2.999999999999991909e-02
-4.500000000000000527e-02
-9.500000000000000111e-02
-2.500000000000000139e-02
-5.500000000000002109e-02
-1.000000000000000056e-01
-3.000000000000000236e-02
-6.999999999999974298e-02
-4.000000000000000777e-02
-9.500000000000000111e-02
-4.500000000000001221e-02
-6.500000000000000222e-02
-5.000000000000001665e-02
-6.999999999999999278e-02
-8.500000000000000611e-02
-5.999999999999733324e-02
-4.500000000000001221e-02
-5.999999999999999778e-02
-1.000000000000000056e-01
-9.000000000000001055e-02
-4.000000000000000777e-02
-6.999999999999999278e-02
-4.000000000000000777e-02
-1.499999999999879902e-02
-4.500000000000001221e-02
-4.500000000000001221e-02
-6.000000000000001166e-02
-4.999999999999681782e-03
-6.000000000000001166e-02
-9.500000000000000111e-02
-7.000000000000000666e-02
-8.999999999998700706e-02
-3.500000000000000333e-02
-6.000000000000001166e-02
-2.999999999999999889e-02
-7.500000000000001110e-02
-3.000000000000000583e-02
-3.499999999999999639e-02
-3.500000000000000333e-02
-9.000000000000001055e-02
-6.499999999999991895e-02
-7.500000000000001110e-02
-9.500000000000000111e-02
-5.000000000000000278e-02
-2.999999999999997460e-02
-8.499999999999999223e-02
-7.999999999999996003e-02
-1.149999999999990474e-01
-6.500000000000001610e-02
-5.999999999999999778e-02
-1.000000000000000056e-01
-2.500000000000000486e-02
-1.099999999999890232e-01
-3.500000000000000333e-02
-4.999999999999726885e-03
-7.500000000000001110e-02
-4.499999999999999833e-02
-9.000000000000001055e-02
-3.000000000000000583e-02
-8.500000000000001998e-02
-1.500000000000000291e-02
-5.499999999999996558e-02
-4.500000000000001221e-02
-3.500000000000000333e-02
-7.500000000000001110e-02
-8.000000000000000167e-02
-4.500000000000000527e-02
-9.500000000000000111e-02
-8.500000000000000611e-02
-7.500000000000001110e-02
-2.500000000000000486e-02
-3.000000000000000583e-02
-1.000000000000000194e-02
-5.999999999999927613e-02
-8.499999999999999223e-02
-7.999999999999998779e-02
-6.999999999999999278e-02
-6.000000000000002554e-02
-9.500000000000001499e-02
-1.000000000000000056e-01
-5.500000000000000722e-02
-4.000000000000000777e-02
-6.999999999999922951e-02
-5.500000000000002109e-02
-8.000000000000001554e-02
-1.000000000000000056e-01
-7.999999999999446443e-02
-8.000000000000001554e-02
-4.499999999999999833e-02
-4.000000000000000777e-02
-1.000000000000000056e-01
-4.500000000000000527e-02
-3.000000000000000236e-02
-1.000000000000000056e-01
-2.500000000000000139e-02
-3.500000000000000333e-02
-1.000000000000000056e-01
-4.500000000000001221e-02
-4.500000000000001221e-02
-3.000000000000000583e-02
-9.000000000000001055e-02
-1.000000000000000194e-02
-8.500000000000000611e-02
-1.000000000000000056e-01
-5.500000000000000722e-02
-9.500000000000000111e-02
5.000000000000000971e-03
-7.999999999999463096e-02
-5.000000000000001665e-02
-3.000000000000000236e-02
-3.500000000000000333e-02
-6.499999999999994671e-02
-6.000000000000001166e-02
-4.000000000000000777e-02
-9.000000000000001055e-02
-1.000000000000000056e-01
-4.499999999999920730e-02
-5.000000000000000278e-02
-7.999999999999835021e-02
-5.000000000000001665e-02
-1.249999999999998057e-01
-5.999999999999999778e-02
-8.500000000000000611e-02
-1.500000000000000291e-02
-1.000000000000000194e-02
-7.999999999999998779e-02
-5.500000000000000722e-02
-3.000000000000000583e-02
-8.500000000000001998e-02
-1.999999999999999001e-02
-6.499999999999976630e-02
-6.500000000000000222e-02
-4.500000000000000527e-02
-8.500000000000000611e-02
-5.999999999999858225e-02
-2.000000000000000042e-02
-5.000000000000001665e-02
-6.000000000000002554e-02
-7.500000000000001110e-02
-8.500000000000001998e-02
-5.000000000000001665e-02
-2.000000000000000389e-02
-4.500000000000001221e-02
-7.500000000000001110e-02
-2.500000000000000486e-02
-8.000000000000001554e-02
-4.000000000000000777e-02
-1.500000000000000291e-02
-3.500000000000000333e-02
-6.499999999999998834e-02
-6.999999999999995115e-02
-3.500000000000000333e-02
-5.999999999999999778e-02
-1.500000000000000291e-02
-5.000000000000001665e-02
-4.000000000000000777e-02
-6.000000000000001166e-02
-1.000000000000000056e-01
-8.500000000000000611e-02
-1.000000000000000056e-01
-9.500000000000000111e-02
-5.500000000000000722e-02
-3.500000000000000333e-02
-6.500000000000000222e-02
-6.999999999999999278e-02
-2.499999999999998057e-02
-1.000000000000000056e-01
-7.000000000000002054e-02
-5.000000000000001665e-02
-6.999999999999866052e-02
-8.500000000000000611e-02
-8.999999999999999667e-02
-2.500000000000000486e-02
-6.500000000000000222e-02
-5.500000000000000722e-02
-3.500000000000000333e-02
-8.500000000000000611e-02
-3.499999999999998945e-02
-8.500000000000000611e-02
-9.500000000000000111e-02
-3.499999999999999639e-02
-4.000000000000000777e-02
-8.000000000000001554e-02
-1.000000000000000194e-02
-6.999999999999999278e-02
-1.050000000000000100e-01
-8.500000000000000611e-02
-3.999999999999998002e-02
-9.500000000000002887e-02
-1.099999999999996259e-01
-5.499999999999977129e-02
-9.500000000000001499e-02
-5.999999999999998390e-02
-7.499999999999851230e-02
-1.500000000000000291e-02
-9.500000000000001499e-02
-9.500000000000000111e-02
-6.000000000000001166e-02
-6.999999999999999278e-02
-7.000000000000000666e-02
-7.500000000000001110e-02
-6.500000000000002998e-02
-1.000000000000000194e-01
-8.500000000000000611e-02
-8.500000000000000611e-02
-4.499999999999999833e-02
-9.000000000000001055e-02
-1.000000000000000056e-01
-5.000000000000000278e-02
-7.500000000000001110e-02
0.000000000000000000e+00
-6.500000000000000222e-02
-7.000000000000002054e-02
-3.999999999999999389e-02
-5.500000000000000722e-02
-3.500000000000000333e-02
-5.500000000000000722e-02
-8.000000000000000167e-02
-4.999999999999991951e-02
-5.500000000000002109e-02
-5.000000000000000278e-02
-9.999999999998744615e-02
-9.500000000000000111e-02
-4.999999999999513514e-03
-3.499999999999994782e-02
-1.500000000000000291e-02
-8.999999999999991340e-02
-9.000000000000001055e-02
-6.000000000000002554e-02
-4.500000000000001221e-02
-4.000000000000000777e-02
-5.000000000000001665e-02
-8.500000000000000611e-02
-1.499999999999999944e-02
-2.500000000000000486e-02
-5.999999999999999778e-02
-6.500000000000000222e-02
-2.000000000000000389e-02
-3.999999999999984124e-02
-6.500000000000000222e-02
-7.500000000000001110e-02
-9.500000000000000111e-02
-7.500000000000001110e-02
-4.000000000000000777e-02
-5.999999999999999778e-02
-9.500000000000000111e-02
-4.000000000000000777e-02
-3.500000000000000333e-02
-2.000000000000000389e-02
-5.999999999999999778e-02
-7.999999999999998779e-02
-5.500000000000002109e-02
-7.000000000000000666e-02
-2.999999999999986358e-02
-4.000000000000000777e-02
-4.500000000000000527e-02
-1.050000000000000100e-01
-2.000000000000000042e-02
-6.000000000000002554e-02
-1.000000000000000194e-02
-8.500000000000000611e-02
-5.000000000000000278e-02
-4.500000000000001221e-02
-5.999999999999988676e-02
-4.499999999999999833e-02
-9.500000000000001499e-02
-5.000000000000000971e-03
-2.000000000000000389e-02
-3.000000000000000583e-02
-4.000000000000000777e-02
-7.000000000000000666e-02
-5.000000000000001665e-02
-7.000000000000003442e-02
-9.500000000000000111e-02
-1.000000000000000056e-01
-4.000000000000000777e-02
-4.499999999999944322e-02
-5.500000000000000722e-02
-3.000000000000000583e-02
-6.999999999999134692e-02
-1.000000000000000056e-01
-6.999999999999999278e-02
-4.500000000000001221e-02
-4.000000000000000777e-02
-6.499999999999972466e-02
-3.999999999999999389e-02
-5.999999999999999778e-02
-5.500000000000002109e-02
-1.249999999999942268e-01
-3.000000000000000583e-02
-4.000000000000000777e-02
-6.999999999999999278e-02
-1.100000000000000144e-01
-2.500000000000000486e-02
-4.499999999999673705e-02
-9.000000000000001055e-02
-5.000000000000001665e-02
-1.000000000000000056e-01
-1.000000000000000056e-01
-5.500000000000000722e-02
-3.000000000000000236e-02
-9.500000000000000111e-02
-3.000000000000000583e-02
-5.500000000000002109e-02
-4.499999999999976241e-02
-4.500000000000000527e-02
-5.999999999999999778e-02
-7.499999999999999722e-02
-7.500000000000001110e-02
-4.000000000000000777e-02
-4.999999999999998890e-02
-6.999999999999999278e-02
-6.999999999999999278e-02
-1.099999999999985711e-01
-1.499999999999999944e-02
-2.000000000000000389e-02
-7.000000000000000666e-02
-4.499999999999998446e-02
-9.000000000000001055e-02
-5.500000000000002109e-02
-2.500000000000000486e-02
-8.999999999999999667e-02
-4.500000000000001221e-02
-9.500000000000000111e-02
-5.000000000000000278e-02
-2.000000000000000389e-02
-5.500000000000002109e-02
-5.000000000000001665e-02
-7.500000000000001110e-02
-4.000000000000000777e-02
-9.000000000000001055e-02
-5.000000000000000278e-02
-8.000000000000000167e-02
-5.499999999999891087e-02
-6.499999999999174494e-02
-6.999999999999992339e-02
-6.000000000000001166e-02
-6.999999999999999278e-02
-2.000000000000000389e-02
-4.500000000000001221e-02
-1.000000000000000056e-01
-2.500000000000000486e-02
-1.500000000000000291e-02
-9.500000000000000111e-02
-5.999999999999999778e-02
-8.000000000000001554e-02
-6.500000000000001610e-02
-1.000000000000000056e-01
-2.500000000000000486e-02
-7.000000000000000666e-02
-4.000000000000000777e-02
-5.500000000000000722e-02
-9.500000000000000111e-02
-4.499999999999999833e-02
-2.500000000000000486e-02
-9.500000000000000111e-02
-8.000000000000001554e-02
-5.999999999999906797e-02
-4.500000000000001221e-02
-9.000000000000001055e-02
-8.999999999999985789e-02
-6.999999999999999278e-02
-3.500000000000000333e-02
-6.500000000000000222e-02
-9.500000000000000111e-02
-1.049999999999993022e-01
-9.500000000000000111e-02
-8.000000000000002942e-02
-7.500000000000001110e-02
-1.000000000000000056e-01
-3.499999999999999639e-02
-8.500000000000000611e-02
-3.500000000000000333e-02
-5.499999999999788391e-02
-5.000000000000000278e-02
-3.999999999999721834e-02
-1.000000000000000056e-01
-9.000000000000001055e-02
-8.000000000000001554e-02
-1.000000000000000194e-02
-1.050000000000000100e-01
-3.499999999999990619e-02
-6.000000000000002554e-02
