-1.163157623130741253e-01
2.955710171767844674e-01
3.066716428449021148e-01
3.321278069980080350e-01
3.435419058310115736e-01
4.112099906005291516e-01
4.367923325901799658e-01
4.304640345252231382e-01
4.375490218387822483e-01
4.912537524826475210e-01
4.724235207519925095e-01
4.317456910779418067e-01
4.846052295142901367e-01
4.772356968978830327e-01
4.625892461851758841e-01
4.823547687266727668e-01
3.974400091591750450e-01
3.701855898418401902e-01
3.500075784118693023e-01
4.409222702219899870e-01
3.909394002056326145e-01
4.827077715482159803e-01
4.151170628956882269e-01
4.652222956320048453e-01
3.758022226805589616e-01
4.422055265223804321e-01
4.455786929389354278e-01
4.032523487922811678e-01
4.016442936288837084e-01
4.311856092168395715e-01
3.956587066968933475e-01
4.255424888359669033e-01
4.459297220630607517e-01
4.137166209522158966e-01
4.321876325877264668e-01
4.862697731087335384e-01
4.599207576132077202e-01
4.313316035442287810e-01
4.172295732656233769e-01
3.871047902782799310e-01
4.672861136003764737e-01
4.369619685727978431e-01
4.465739206264112693e-01
4.404668239440153732e-01
4.787075765576818132e-01
5.009548234142428003e-01
4.744648659006777680e-01
5.042048678124149141e-01
4.150967905425717586e-01
4.488807590522816970e-01
4.256510208406514839e-01
4.313869280289359120e-01
4.243842239806767114e-01
4.864015849957256665e-01
4.431294899755017780e-01
4.340247547406332340e-01
4.042190469649566964e-01
4.369830450877640882e-01
4.686847838385293508e-01
5.280824239276942222e-01
4.298086667128466209e-01
4.692340510252103747e-01
5.010701195883918713e-01
3.917542717169653077e-01
4.802271973677205152e-01
4.948323995276165954e-01
5.394407944478678552e-01
4.245987751475895911e-01
4.948856855518823372e-01
5.481963816599223493e-01
4.448748097594278916e-01
4.617290132526434832e-01
3.250831242401213128e-01
4.203968515436755649e-01
3.840248968420539866e-01
5.231634581387072380e-01
4.858902550277253152e-01
3.781436658067826029e-01
4.237209890360407183e-01
3.957221062693299096e-01
4.289829825219946824e-01
4.268310108270292336e-01
4.604868053241233383e-01
3.685854026243530202e-01
2.561689755273796609e-01
4.298209384004807454e-01
4.278257826348521586e-01
4.448661766060357237e-01
3.933496529888940718e-01
4.453174739773716473e-01
3.899910151603136477e-01
5.014777443661427858e-01
4.725578467372305580e-01
4.676826121166432482e-01
4.842712956708223881e-01
4.268574594780754627e-01
4.661931967394186693e-01
4.260806256589454444e-01
3.870255603114939325e-01
4.471797977158944448e-01
5.054073778604355471e-01
4.382081666118233798e-01
4.515792316492616143e-01
4.773463620957711928e-01
4.600414707798295422e-01
4.218368282091878307e-01
4.312212498402936411e-01
3.915711192936653928e-01
4.055539560679295441e-01
4.789829732842029730e-01
4.253589964589207795e-01
3.353710312315696385e-01
3.944612165949100691e-01
4.034885815490661942e-01
3.952421545062274610e-01
4.508712162093400644e-01
3.944115107474637782e-01
4.714435786960661789e-01
3.657900783027223657e-01
4.416668190701993901e-01
3.449412446348210648e-01
3.879967420203594419e-01
3.949119566927030145e-01
4.556500612978862663e-01
5.135952183609112653e-01
4.957972129414576767e-01
3.641896582200642718e-01
3.927430151182590978e-01
3.734625196572560202e-01
4.893070515272590626e-01
4.570408180273964338e-01
4.274541024002020406e-01
3.537197575946999795e-01
4.142421450617959633e-01
4.149396976988516950e-01
4.266587436218411411e-01
4.287086618375627323e-01
3.826773065053015177e-01
4.189727734062062003e-01
4.333511038076295341e-01
4.527722263140308012e-01
4.035750209588391257e-01
3.851715115761250585e-01
3.887304284493848794e-01
4.309174477225335975e-01
4.564752582142652115e-01
3.377394709020711816e-01
4.524335397434234296e-01
4.596617150521102313e-01
4.409805077811547180e-01
4.206045405381051427e-01
4.336365888259720025e-01
4.303795734717533739e-01
4.297010287298714259e-01
4.520308920915485640e-01
3.928843819697446227e-01
3.456646309228486036e-01
4.010002106961472745e-01
4.155060941639887040e-01
4.430329823624641339e-01
3.638997312691990560e-01
3.992018333232179028e-01
4.178016012558731784e-01
5.010157996818154214e-01
2.939295129109714133e-01
3.711355173317402167e-01
3.669449051801474959e-01
4.048817447088863819e-01
4.496871356703942557e-01
3.745510712851081725e-01
3.767733183136566244e-01
3.922477973336480073e-01
4.032500752364709951e-01
4.005815944502458814e-01
4.507173979043633261e-01
3.964775537322204890e-01
4.536428304014792356e-01
4.199409488015548586e-01
3.373452891219195227e-01
3.868720999880065903e-01
4.286957563625031775e-01
3.941247749097821496e-01
4.284891107501032637e-01
3.558023851414303107e-01
3.857997408855791677e-01
3.994290914043499008e-01
4.015594379358904953e-01
4.372538728979675771e-01
3.710618149347124084e-01
4.371022196771109924e-01
4.574787294851942465e-01
4.183549494068041219e-01
5.042155791737512605e-01
4.354958164256224618e-01
4.594787951804158999e-01
3.754813827029544471e-01
3.484468733087532910e-01
3.998623491666547514e-01
4.122932755227306512e-01
3.316616158540885984e-01
3.035107529814312644e-01
3.819896162382159788e-01
4.678693583844620862e-01
4.915907297053432323e-01
4.432830873338199917e-01
5.008323884965497630e-01
4.348660817475071827e-01
3.479039408717848891e-01
4.476613713737473965e-01
3.606096775710004865e-01
3.474222743725660645e-01
3.929719163945681881e-01
3.773150677978862610e-01
4.125962813933535811e-01
4.590147202773969815e-01
4.165495657818153452e-01
3.733968714784124399e-01
4.032017583564249108e-01
3.675762471263155917e-01
3.472208955462162128e-01
3.702524582164595235e-01
4.128668724332871798e-01
3.592331962903899667e-01
4.650346780867168905e-01
3.438188111057236540e-01
4.638871438956809201e-01
4.669712106565817589e-01
3.922230267105693557e-01
4.497524198549918695e-01
4.001437378668398215e-01
4.118459949581740887e-01
4.274356611690547370e-01
3.764074037710851139e-01
3.321885757142692408e-01
4.883207083377551494e-01
4.251868964304864051e-01
5.294741341009281399e-01
3.821159025632570039e-01
5.215986477230847296e-01
3.958266413018992624e-01
3.675375875598564379e-01
3.981264309438002913e-01
3.793334464642465487e-01
3.735753407061270792e-01
4.703399215165925407e-01
3.499458958677988951e-01
3.503798288022746399e-01
4.062223146350768532e-01
3.543653206088408503e-01
4.105982307836284484e-01
3.846061144804160392e-01
5.091801102789431654e-01
4.350900808132064368e-01
4.362875448466038697e-01
4.636001883047666250e-01
4.443854351850455298e-01
4.544141398943992716e-01
4.459065544888651811e-01
3.053379221007013200e-01
4.953677632661545038e-01
4.786674890936662985e-01
4.128591516694710140e-01
4.755978623729074650e-01
3.847283270819361056e-01
4.429024863195433759e-01
4.495733431897049881e-01
4.785247552204768828e-01
4.064226278548628279e-01
4.822590842281219148e-01
4.124275383348793844e-01
4.237338119148654769e-01
3.843872162216208643e-01
4.280504528496478778e-01
3.350598071909782760e-01
4.577014952881879317e-01
4.510888738182803337e-01
2.159614674573995807e-01
3.694486474695763412e-01
3.766857527338438039e-01
3.840992757067300811e-01
4.144513181427316173e-01
3.701712738915519108e-01
4.383313641022792417e-01
3.708468363486816521e-01
4.324672041288418756e-01
4.492369814166136122e-01
4.265541889842684453e-01
4.238037397402212303e-01
4.955421316443340274e-01
4.656835804357968844e-01
4.083141713988930888e-01
3.455728641587005878e-01
4.666017266987628753e-01
3.739545799330628029e-01
4.336977929354645656e-01
3.233276583614868582e-01
4.145029938801444436e-01
4.220786804427141270e-01
3.523604199258097980e-01
4.392726271972050012e-01
4.260793860004405409e-01
4.174181497318007472e-01
4.935116416650697779e-01
3.761055536726186088e-01
3.926866691696785372e-01
4.250299896690847290e-01
3.984277285100414345e-01
4.804881138414657249e-01
4.543510671975710680e-01
4.429520536998184377e-01
3.850537390901175860e-01
4.159829489417883330e-01
4.226016229901944921e-01
3.573058589805859220e-01
5.583402695042101183e-01
3.707987170529851717e-01
4.065588850769082385e-01
4.515194429098248197e-01
4.865823252788923359e-01
4.032421021142553741e-01
4.703801478106500733e-01
4.939729184465937450e-01
4.158821500228025991e-01
3.570140887036438171e-01
3.814799930786912929e-01
3.747231900472869359e-01
4.101164388504730529e-01
4.545445248111161796e-01
4.042865674680657384e-01
4.269650225052649684e-01
4.204980452388864531e-01
4.875028024525641657e-01
3.290320371303179225e-01
4.423762613752176831e-01
3.853943411794894525e-01
3.935247480197446301e-01
4.505547264796452844e-01
4.943726942064982088e-01
3.817110607168219816e-01
4.661529333846711198e-01
4.141205380226921084e-01
3.465907183755028709e-01
4.114412431813669890e-01
4.435167286614444815e-01
3.552545365917263442e-01
4.349029191831241814e-01
4.865023246888562358e-01
4.859923316200340238e-01
4.377495859753050556e-01
4.175802362530770528e-01
4.870682399649970407e-01
4.594490443471579977e-01
4.463954272269763934e-01
4.714788384728494375e-01
4.091590947281982249e-01
4.534225487498220741e-01
4.123849427557572112e-01
4.076717738824860993e-01
4.711702370871271861e-01
3.675846856015212438e-01
3.467891057361863760e-01
4.363287367860401167e-01
4.382807106110654938e-01
4.320255717792335082e-01
4.262596725913225804e-01
3.634250198778530838e-01
3.736925691561671647e-01
4.224806149059336935e-01
4.473039352983954053e-01
4.481662123184918523e-01
4.400795514997768443e-01
4.431657652280217574e-01
3.971412179427863953e-01
4.414447252819656553e-01
4.124304587086106699e-01
3.621929454760356992e-01
3.736102011145602808e-01
4.155026229237793189e-01
3.871803504401176710e-01
4.410109165216723470e-01
2.851770830555957481e-01
3.537334761341913714e-01
4.021475662171172250e-01
4.785380767663420798e-01
4.179191518239930847e-01
4.595791709615676401e-01
3.906334547177640615e-01
3.339616190397843853e-01
4.235060958905532136e-01
2.962371931093966126e-01
3.323514349730415929e-01
4.669361178480427310e-01
4.775074323734587733e-01
4.562748355690648405e-01
4.622638120536459727e-01
2.827829548191589382e-01
4.381507885507596733e-01
2.947803061598982532e-01
3.311443630930839266e-01
4.713777664838922354e-01
4.238269991038340900e-01
3.467604235211101948e-01
4.122699117657193102e-01
4.381641295116296964e-01
4.217304933438182357e-01
4.321779734583837129e-01
4.287878320801904453e-01
4.184286628371010619e-01
4.473571233303800243e-01
3.771957505263230925e-01
4.521896630590922506e-01
3.848391596966213579e-01
4.207008751128012425e-01
4.091447564060169961e-01
4.762056649768916516e-01
4.373765905431512002e-01
3.930786738069300124e-01
2.908449227090822986e-01
4.444181018218926749e-01
3.766676842790323554e-01
4.049821955833886045e-01
4.245452983320214257e-01
4.065678890334902262e-01
3.894335293114075669e-01
3.943531065705438987e-01
4.273610245832182297e-01
3.618146237766585172e-01
4.051194603448721177e-01
3.844211379301153420e-01
2.774412980081532032e-01
4.228076530031886771e-01
4.442773777571458749e-01
3.339036202028677902e-01
4.248080633139779128e-01
3.590134369326991037e-01
3.807522904981773815e-01
3.882550773671514244e-01
4.713065206401889640e-01
4.047155914622608819e-01
4.388519536669549526e-01
4.673738014533966867e-01
4.287258999896397804e-01
4.246332872931355418e-01
4.530976360950649262e-01
2.723206726662907862e-01
4.586756684305281495e-01
4.485212756650610588e-01
3.216960006324477428e-01
3.788734578492596872e-01
4.198264906090309889e-01
4.434728255930830421e-01
4.226097370902501260e-01
3.733602574290414422e-01
4.366153024816935013e-01
4.424541396161355555e-01
2.575760133042913624e-01
4.654071833538866998e-01
4.373785134335850810e-01
4.256095862110298444e-01
4.761109914418593103e-01
3.464110301794241509e-01
4.777053526497619940e-01
3.693342377410649968e-01
5.032295251022883553e-01
4.587493390712844565e-01
4.513587125243580522e-01
3.792750934384440109e-01
4.513873953662508320e-01
4.404029439626963582e-01
3.626367022997710188e-01
3.683514119523875752e-01
3.332980756064096717e-01
4.387706135726910373e-01
4.583067519078644070e-01
4.384881462385843420e-01
3.796014756932387102e-01
3.831565354866049433e-01
3.886942231759041300e-01
4.785290770969471419e-01
3.474998986099356868e-01
3.970526297954163342e-01
3.530116778187028515e-01
4.839903113581326410e-01
4.450028748619029861e-01
4.444371700160998362e-01
4.691350083089396716e-01
4.445808981067312371e-01
4.321550750518856621e-01
4.376459343412704150e-01
4.275260851630763304e-01
3.028980214489213618e-01
4.254182279298933667e-01
3.992813885538414875e-01
4.068696364681714805e-01
3.958728912154119706e-01
3.500030047763299512e-01
3.499610222765061063e-01
4.403578102386558335e-01
3.329064102908794176e-01
4.628819425751376504e-01
