-5.904923763253944885e-02
-1.482476782730317133e+00
-1.597982295006453501e+00
-1.417237080779163216e+00
-1.470068660875679001e+00
-1.321501389034221985e+00
-1.310334587468165113e+00
-1.261320801329519847e+00
-1.306654392677221610e+00
-1.222473272579479131e+00
-1.240388351403964196e+00
-1.157870598999072076e+00
-1.162603322368098713e+00
-1.122861602057898534e+00
-1.090672999977335245e+00
-1.110402373263474685e+00
-1.206954143405860380e+00
-1.144987906474794537e+00
-1.164532781349179258e+00
-1.143448554083794866e+00
-1.142099597821117918e+00
-1.121410386509846147e+00
-1.135740370300330815e+00
-1.103563188016560392e+00
-1.039289551270907497e+00
-1.067404333961975427e+00
-1.095670248462267127e+00
-1.118171760477623566e+00
-1.131926418125557721e+00
-1.061448898916020012e+00
-1.100169462625538053e+00
-1.066704155195932646e+00
-1.074679171582477277e+00
-1.028075265363326718e+00
-1.053173985663012013e+00
-1.106295688298327695e+00
-1.069022945190277740e+00
-1.095634855356877990e+00
-1.042990568527059514e+00
-9.964479794403006130e-01
-1.000813958565995865e+00
-1.043641519962204667e+00
-1.110331031400797919e+00
-1.029479398919171285e+00
-1.056657260469312298e+00
-1.037198037076556334e+00
-1.056018300712878055e+00
-1.082992569351804546e+00
-1.070892629512210315e+00
-1.026474862754157780e+00
-1.057516622685370722e+00
-1.113590037237176089e+00
-1.084365416344980959e+00
-1.045082636930199316e+00
-1.092568516385094890e+00
-1.034647461155396631e+00
-1.044463561817936093e+00
-1.066354900652190407e+00
-1.045650390932106433e+00
-1.091901750660837056e+00
-1.074258609902489559e+00
-1.078725447404830007e+00
-1.093863011128176410e+00
-1.060811349126189906e+00
-1.016053132386850022e+00
-1.045424565068744149e+00
-1.008389253247002459e+00
-1.007674602063457492e+00
-1.061101836250025521e+00
-1.044580125817212046e+00
-1.070148642388013993e+00
-1.022577926732093800e+00
-1.063673043303401844e+00
-1.069107078043253001e+00
-1.052623322057030020e+00
-1.038899343269650721e+00
-1.005856646078080008e+00
-1.020503029712599874e+00
-1.094375122082170249e+00
-1.089156093369485045e+00
-1.063039977067117947e+00
-1.051365802833199803e+00
-1.078076414608462041e+00
-1.053888605941378120e+00
-1.037348686964506550e+00
-1.038799433567589858e+00
-1.051292935878633150e+00
-1.055420896913104478e+00
-1.032735304098364892e+00
-1.042944179156648721e+00
-1.072400061466974419e+00
-1.077938013090084857e+00
-1.069930013363392218e+00
-1.049536561360207010e+00
-1.083883456051459415e+00
-1.111325133345907323e+00
-1.069928320030116176e+00
-1.080763379751273900e+00
-1.081467297559053575e+00
-1.054136945364933853e+00
-1.112164347566755973e+00
-1.132041576329280819e+00
-1.119484683126188873e+00
-1.113379199847430945e+00
-1.133627983478725509e+00
-1.120519571987536711e+00
-1.087459148029692013e+00
-1.117984294565781189e+00
-1.109963519770295504e+00
-1.113257560646540911e+00
-1.132298182294493083e+00
-1.093194976480294400e+00
-1.105427525172451686e+00
-1.121839451992384884e+00
-1.123781719769215037e+00
-1.091621139801089324e+00
-1.110933863814605793e+00
-1.104585690323099501e+00
-1.105509535706108215e+00
-1.107761909207222395e+00
-1.104688315015381006e+00
-1.106367835761441043e+00
-1.155536387742239324e+00
-1.103073074077490778e+00
-1.133237642050069827e+00
-1.091769747129209600e+00
-1.138887391491833379e+00
-1.144695825429746794e+00
-1.143374490067782911e+00
-1.143373502351141324e+00
-1.111524437993236747e+00
-1.125977214120988723e+00
-1.146172426699564983e+00
-1.121818033210257859e+00
-1.108371675929413547e+00
-1.120699829960402960e+00
-1.160797032863562395e+00
-1.156704219515741983e+00
-1.143027519071302844e+00
-1.186584283575976118e+00
-1.135207393549648280e+00
-1.130602789445881218e+00
-1.140866687067835450e+00
-1.140098750138623940e+00
-1.151571360227303442e+00
-1.128908230766427101e+00
-1.117485887547488455e+00
-1.131556438079218463e+00
-1.174988373258174290e+00
-1.153281817949998400e+00
-1.140320810692175391e+00
-1.097035981157395090e+00
-1.145922065992043049e+00
-1.120142556399122302e+00
-1.133733438926188830e+00
-1.166194627916816273e+00
-1.172907651168210164e+00
-1.170958818390623657e+00
-1.168511361084616951e+00
-1.206682189286416129e+00
-1.189432871056252727e+00
-1.216496908292595602e+00
-1.180200760207888777e+00
-1.186381832741748799e+00
-1.166514481561222949e+00
-1.153356788986372061e+00
-1.156850172789604336e+00
-1.141712416952437747e+00
-1.138178951508047154e+00
-1.140936013290802853e+00
-1.145547051884715062e+00
-1.141229742149622695e+00
-1.146552784023648019e+00
-1.160498963598597388e+00
-1.154237383003324569e+00
-1.117326310919134036e+00
-1.088687930918206481e+00
-1.153686444696820912e+00
-1.160254812108814315e+00
-1.133182289689398603e+00
-1.135528108216617982e+00
-1.123010502788103659e+00
-1.162307577560936833e+00
-1.140909074740610318e+00
-1.139565926011384622e+00
-1.160069349812803186e+00
-1.139424349412982762e+00
-1.133606957528281223e+00
-1.164055053910305615e+00
-1.154876177582982777e+00
-1.165060520695896829e+00
-1.191060555430724310e+00
-1.183771851940559561e+00
-1.185750345136297401e+00
-1.166980681148939603e+00
-1.179698261430547346e+00
-1.169932703260256002e+00
-1.167612555308783273e+00
-1.182534665090009485e+00
-1.200834046697665025e+00
-1.194486359045142443e+00
-1.164885922795114270e+00
-1.166812624928184938e+00
-1.172449836403540946e+00
-1.212180789288392901e+00
-1.180299811438280999e+00
-1.177758709605650100e+00
-1.193393471974429909e+00
-1.192985781032592563e+00
-1.161233295931302978e+00
-1.157720228522965078e+00
-1.186918611819551606e+00
-1.218044648374316585e+00
-1.243183135077532420e+00
-1.202101424902779270e+00
-1.229282021856472173e+00
-1.219044604712563373e+00
-1.190402702009082381e+00
-1.184647581814141537e+00
-1.203022021247245776e+00
-1.185644868328858292e+00
-1.162777603717625619e+00
-1.185807923718322554e+00
-1.178214692952834319e+00
-1.190908806144043597e+00
-1.179683318460005070e+00
-1.180796098417193463e+00
-1.170686759189287773e+00
-1.145933526183121165e+00
-1.177845370889154752e+00
-1.166959170483441000e+00
-1.175709328416963073e+00
-1.192429672522629325e+00
-1.165107202197827707e+00
-1.200870947186006177e+00
-1.183769447903467498e+00
-1.219293901284926651e+00
-1.218285516224933751e+00
-1.228281937341469288e+00
-1.192019647238493629e+00
-1.201881169475562672e+00
-1.197652523040982464e+00
-1.189072242043992977e+00
-1.190000820656443192e+00
-1.199494772594617897e+00
-1.195968851994348547e+00
-1.197133590217416277e+00
-1.219539583550832917e+00
-1.274462993982808490e+00
-1.272778161743625569e+00
-1.253098830969370692e+00
-1.207808726149332657e+00
-1.200265741563365518e+00
-1.205821372217111831e+00
-1.226655370594839534e+00
-1.265331740764088941e+00
-1.231093731421796456e+00
-1.221963896269123051e+00
-1.235437864203987157e+00
-1.216906644973587248e+00
-1.257302354470306582e+00
-1.278738750386841705e+00
-1.278722426653479127e+00
-1.282062903646529639e+00
-1.267611927227526358e+00
-1.289120745028445425e+00
-1.255326332417937341e+00
-1.257013723494716739e+00
-1.236908311670053440e+00
-1.232954691283072002e+00
-1.257976886659166071e+00
-1.262976312297206416e+00
-1.260640178220788554e+00
-1.244715706173869174e+00
-1.268326995052232675e+00
-1.268086327184602791e+00
-1.282921351151801614e+00
-1.230777576958672848e+00
0.000000000000000000e+00
0.000000000000000000e+00
0.000000000000000000e+00
0.000000000000000000e+00
0.000000000000000000e+00
0.000000000000000000e+00
0.000000000000000000e+00
0.000000000000000000e+00
0.000000000000000000e+00
0.000000000000000000e+00
0.000000000000000000e+00
0.000000000000000000e+00
0.000000000000000000e+00
0.000000000000000000e+00
0.000000000000000000e+00
0.000000000000000000e+00
0.000000000000000000e+00
0.000000000000000000e+00
0.000000000000000000e+00
0.000000000000000000e+00
0.000000000000000000e+00
0.000000000000000000e+00
0.000000000000000000e+00
0.000000000000000000e+00
0.000000000000000000e+00
0.000000000000000000e+00
0.000000000000000000e+00
0.000000000000000000e+00
0.000000000000000000e+00
0.000000000000000000e+00
0.000000000000000000e+00
0.000000000000000000e+00
0.000000000000000000e+00
0.000000000000000000e+00
0.000000000000000000e+00
0.000000000000000000e+00
0.000000000000000000e+00
0.000000000000000000e+00
0.000000000000000000e+00
0.000000000000000000e+00
0.000000000000000000e+00
0.000000000000000000e+00
0.000000000000000000e+00
0.000000000000000000e+00
0.000000000000000000e+00
0.000000000000000000e+00
0.000000000000000000e+00
0.000000000000000000e+00
0.000000000000000000e+00
0.000000000000000000e+00
0.000000000000000000e+00
0.000000000000000000e+00
0.000000000000000000e+00
0.000000000000000000e+00
0.000000000000000000e+00
0.000000000000000000e+00
0.000000000000000000e+00
0.000000000000000000e+00
0.000000000000000000e+00
0.000000000000000000e+00
0.000000000000000000e+00
0.000000000000000000e+00
0.000000000000000000e+00
0.000000000000000000e+00
0.000000000000000000e+00
0.000000000000000000e+00
0.000000000000000000e+00
0.000000000000000000e+00
0.000000000000000000e+00
0.000000000000000000e+00
0.000000000000000000e+00
0.000000000000000000e+00
0.000000000000000000e+00
0.000000000000000000e+00
0.000000000000000000e+00
0.000000000000000000e+00
0.000000000000000000e+00
0.000000000000000000e+00
0.000000000000000000e+00
0.000000000000000000e+00
0.000000000000000000e+00
0.000000000000000000e+00
0.000000000000000000e+00
0.000000000000000000e+00
0.000000000000000000e+00
0.000000000000000000e+00
0.000000000000000000e+00
0.000000000000000000e+00
0.000000000000000000e+00
0.000000000000000000e+00
0.000000000000000000e+00
0.000000000000000000e+00
0.000000000000000000e+00
0.000000000000000000e+00
0.000000000000000000e+00
0.000000000000000000e+00
0.000000000000000000e+00
0.000000000000000000e+00
0.000000000000000000e+00
0.000000000000000000e+00
0.000000000000000000e+00
0.000000000000000000e+00
0.000000000000000000e+00
0.000000000000000000e+00
0.000000000000000000e+00
0.000000000000000000e+00
0.000000000000000000e+00
0.000000000000000000e+00
0.000000000000000000e+00
0.000000000000000000e+00
0.000000000000000000e+00
0.000000000000000000e+00
0.000000000000000000e+00
0.000000000000000000e+00
0.000000000000000000e+00
0.000000000000000000e+00
0.000000000000000000e+00
0.000000000000000000e+00
0.000000000000000000e+00
0.000000000000000000e+00
0.000000000000000000e+00
0.000000000000000000e+00
0.000000000000000000e+00
0.000000000000000000e+00
0.000000000000000000e+00
0.000000000000000000e+00
0.000000000000000000e+00
0.000000000000000000e+00
0.000000000000000000e+00
0.000000000000000000e+00
0.000000000000000000e+00
0.000000000000000000e+00
0.000000000000000000e+00
0.000000000000000000e+00
0.000000000000000000e+00
0.000000000000000000e+00
0.000000000000000000e+00
0.000000000000000000e+00
0.000000000000000000e+00
0.000000000000000000e+00
0.000000000000000000e+00
0.000000000000000000e+00
0.000000000000000000e+00
0.000000000000000000e+00
0.000000000000000000e+00
0.000000000000000000e+00
0.000000000000000000e+00
0.000000000000000000e+00
0.000000000000000000e+00
0.000000000000000000e+00
0.000000000000000000e+00
0.000000000000000000e+00
0.000000000000000000e+00
0.000000000000000000e+00
0.000000000000000000e+00
0.000000000000000000e+00
0.000000000000000000e+00
0.000000000000000000e+00
0.000000000000000000e+00
0.000000000000000000e+00
0.000000000000000000e+00
0.000000000000000000e+00
0.000000000000000000e+00
0.000000000000000000e+00
0.000000000000000000e+00
0.000000000000000000e+00
0.000000000000000000e+00
0.000000000000000000e+00
0.000000000000000000e+00
0.000000000000000000e+00
0.000000000000000000e+00
0.000000000000000000e+00
0.000000000000000000e+00
0.000000000000000000e+00
0.000000000000000000e+00
0.000000000000000000e+00
0.000000000000000000e+00
0.000000000000000000e+00
0.000000000000000000e+00
0.000000000000000000e+00
0.000000000000000000e+00
0.000000000000000000e+00
0.000000000000000000e+00
0.000000000000000000e+00
0.000000000000000000e+00
0.000000000000000000e+00
0.000000000000000000e+00
0.000000000000000000e+00
0.000000000000000000e+00
0.000000000000000000e+00
0.000000000000000000e+00
0.000000000000000000e+00
0.000000000000000000e+00
0.000000000000000000e+00
0.000000000000000000e+00
0.000000000000000000e+00
0.000000000000000000e+00
0.000000000000000000e+00
0.000000000000000000e+00
0.000000000000000000e+00
0.000000000000000000e+00
0.000000000000000000e+00
0.000000000000000000e+00
0.000000000000000000e+00
0.000000000000000000e+00
0.000000000000000000e+00
0.000000000000000000e+00
0.000000000000000000e+00
0.000000000000000000e+00
0.000000000000000000e+00
0.000000000000000000e+00
0.000000000000000000e+00
0.000000000000000000e+00
0.000000000000000000e+00
0.000000000000000000e+00
0.000000000000000000e+00
0.000000000000000000e+00
0.000000000000000000e+00
0.000000000000000000e+00
0.000000000000000000e+00
0.000000000000000000e+00
0.000000000000000000e+00
