-2.721857341453377543e-01
3.477368256200187080e+00
3.869564182783308048e+00
3.688219552814839375e+00
3.570980253003590565e+00
3.492622852231802799e+00
3.423486666020729707e+00
3.614177116438953785e+00
3.522065658378366493e+00
3.395162482538893300e+00
3.663388526475384932e+00
3.486341852194701385e+00
3.453809008607435338e+00
3.303565858774669461e+00
3.273359361862121286e+00
3.350488345397261813e+00
3.354366253755213467e+00
3.404001094588749776e+00
3.453729137286503992e+00
3.529357296051661042e+00
3.301955474388102107e+00
3.417057857197010495e+00
3.239876900130410409e+00
3.479083822627837552e+00
3.576119298632351118e+00
3.558760830018032451e+00
3.417513810360565785e+00
3.624713929110547461e+00
3.417502534526390079e+00
3.537175120640030368e+00
3.365793986772422475e+00
3.569005303784772654e+00
3.564766660295642264e+00
3.478522783997627155e+00
3.449884666642222708e+00
3.525033086667270776e+00
3.567915563443947669e+00
3.628784661179516480e+00
3.394471599705198628e+00
3.644278596444785912e+00
3.544459727828518592e+00
3.586263532453570768e+00
3.731252487399306261e+00
3.553948690748375938e+00
3.503242479629777861e+00
3.366280755482807141e+00
3.628061810606075799e+00
3.495564601805643434e+00
3.738520701256921264e+00
3.579178675180910041e+00
3.323540849045377499e+00
3.606956271753634091e+00
3.399785605697555280e+00
3.377788859069105420e+00
3.589595005173086939e+00
3.627780581364367762e+00
3.616038828692495599e+00
3.445154273179587001e+00
3.613312006218390326e+00
3.266067722331866374e+00
3.507340614484837804e+00
3.483509384730062219e+00
3.640571150406577861e+00
3.538585273389189378e+00
3.401898831013784097e+00
3.450004669535704949e+00
3.540035825214913334e+00
3.459182895445141792e+00
3.557870959147962697e+00
3.296270595265733849e+00
3.470855621743896613e+00
3.440760634971988807e+00
3.553202150087757971e+00
3.499919892338417604e+00
3.749339156715976173e+00
3.495429186005700295e+00
3.529129529735325121e+00
3.559953075160309677e+00
3.435008512499714062e+00
3.404429209918601984e+00
3.520924693285412577e+00
3.424327033379878316e+00
3.509437748397037815e+00
3.547375680902409290e+00
3.585420120768487262e+00
3.450558767838098451e+00
3.399459472823932682e+00
3.395448599391634570e+00
3.527532377022035703e+00
3.679915827387808314e+00
3.576223093951128362e+00
3.493180779147095905e+00
3.624114994001868428e+00
3.601109445544329102e+00
3.599725817797191585e+00
3.373684800811350470e+00
3.580805490356471221e+00
3.611123190136731331e+00
3.690019932266758840e+00
3.620039515194761748e+00
3.770610937758168468e+00
3.724182138558394417e+00
3.594057417126197862e+00
3.442833498901125999e+00
3.523707131038082974e+00
3.486755853305069319e+00
3.487872224300308410e+00
3.486824025822886863e+00
3.428270436569766044e+00
3.480507597952331889e+00
3.582835862499749169e+00
3.488898002927776520e+00
3.447082513765851619e+00
3.550142832726871145e+00
3.395774511206455237e+00
3.630137344480267370e+00
3.665659726916443262e+00
3.515413620128383432e+00
3.699094386931879974e+00
3.543062585817139176e+00
3.528173975395885176e+00
3.539351354262220806e+00
3.559898145990975316e+00
3.637444151206063125e+00
3.699526199641006929e+00
3.479240565932318674e+00
3.514090525664673947e+00
3.377801315554876282e+00
3.513014589782760044e+00
3.472628312667197736e+00
3.514105349054359451e+00
3.648913254080040414e+00
3.461514914559457257e+00
3.538972926795776797e+00
3.552297399731036087e+00
3.601142139229858152e+00
3.666600869395602480e+00
3.600946383543652374e+00
3.567250892075203517e+00
3.502842445591304532e+00
3.434021548041240379e+00
3.533775602631862967e+00
3.677815206170321982e+00
3.558828968677352655e+00
3.480567580899363023e+00
3.501054101779681904e+00
3.580196229939139219e+00
3.728195377909206520e+00
3.460356286701233408e+00
3.745264297561574196e+00
3.565214206225392424e+00
3.522278099104797278e+00
3.486548435945485913e+00
3.479512367266260231e+00
3.491730657775566460e+00
3.653361133495697022e+00
3.528315796172528440e+00
3.529007802320698328e+00
3.525978607768675666e+00
3.468790965258099046e+00
3.539501974173257626e+00
3.439323229694078332e+00
3.584508834541656253e+00
3.579496031683061741e+00
3.322643145849002000e+00
3.547492008034969668e+00
3.580520035383411681e+00
3.565150214084296998e+00
3.606896944730618948e+00
3.502734502504680325e+00
3.654532405583549970e+00
3.518958814425060755e+00
3.619709634791104413e+00
3.601140437027143371e+00
3.586828539692429541e+00
3.453737690429573348e+00
3.589839229813935439e+00
3.511212513077988095e+00
3.670116814430768759e+00
3.607746464534179243e+00
3.496055818624267619e+00
3.470024439446154574e+00
3.320163337740819287e+00
3.416142714714249351e+00
3.575855368544700319e+00
3.510404857900009556e+00
3.581113276621736397e+00
3.780460151014371384e+00
3.550333148362100122e+00
3.504899855105670259e+00
3.447929794330813369e+00
3.432187327751683892e+00
3.489992411104799963e+00
3.736802310714092634e+00
3.539687877145260675e+00
3.468022877988380159e+00
3.550626257615055792e+00
3.508799270648960800e+00
3.619675998054171284e+00
3.524545405268620701e+00
3.527350861723945297e+00
3.664132898122667292e+00
3.645640211205087411e+00
3.439638107428586000e+00
3.322871783107081090e+00
3.646243197387208479e+00
3.404279857700102330e+00
3.607333558799008078e+00
3.464796607677145701e+00
3.530604763355944975e+00
3.471538121708228175e+00
3.452190905156809819e+00
3.458074119634838350e+00
3.474796621029422106e+00
3.597510215653252352e+00
3.456703673395677967e+00
3.477508980129726535e+00
3.439318761305420136e+00
3.620278194868109978e+00
3.296742431412171825e+00
3.344064961591540985e+00
3.415393568964312898e+00
3.554665210263613595e+00
3.451618089716514515e+00
3.584155903886220074e+00
3.572144852735101406e+00
3.488999238968866212e+00
3.396152342813710590e+00
3.277694600245285361e+00
3.544768269408313355e+00
3.451282253547363954e+00
3.731562815581432879e+00
3.317670015044914766e+00
3.568962526121433942e+00
3.280987653414961347e+00
3.519996175552093209e+00
3.646962289127055890e+00
3.483571852506445410e+00
3.388777776748442161e+00
3.631304256298632183e+00
3.457172355837985656e+00
3.609176268071808913e+00
3.360047579042417354e+00
3.559519168650378873e+00
3.619977744498188876e+00
3.349332625551168618e+00
3.469186113607328981e+00
3.416336356386250994e+00
3.669042013748097908e+00
3.325647490961416874e+00
3.540385302562497394e+00
3.595902408050795529e+00
3.652187447599643200e+00
3.679770032751992659e+00
3.540303748096131020e+00
3.351092630581928411e+00
3.568543724751598312e+00
3.372682657685385887e+00
3.296476134687221560e+00
3.411168858149285832e+00
3.225223334994439472e+00
3.420115697635756291e+00
3.603357816447442907e+00
3.583791601665991866e+00
3.547508206718973600e+00
3.296126194843462365e+00
3.317581443170516842e+00
3.713031436874272728e+00
3.414098394847701279e+00
3.469031329272341146e+00
3.741231618216493526e+00
3.595235910065460061e+00
3.474879558314202921e+00
3.472106244391752305e+00
3.520638040078912123e+00
3.540318959424419099e+00
3.679443258295503227e+00
3.511402436420298923e+00
3.430976876339077553e+00
3.491598334251336588e+00
3.320103175950842367e+00
3.372367553369325144e+00
3.411620711175371579e+00
3.524051583287172384e+00
3.507838031146778501e+00
3.350597148777104017e+00
3.446287907405082507e+00
3.620770203773567175e+00
3.525777080985130763e+00
3.577840500239468646e+00
3.472006600352603556e+00
3.608700079713385023e+00
3.557407546926127484e+00
3.379548036094961461e+00
3.561919180547038710e+00
3.380275527861717588e+00
3.395046393548319053e+00
3.425561410535272078e+00
3.569426104613589779e+00
3.359269897364841384e+00
3.496725192209348076e+00
3.375229501661268561e+00
3.607126061755975055e+00
3.392164991351566794e+00
3.484511594012825064e+00
3.583885781259070757e+00
3.575291849044202053e+00
3.731678221857471112e+00
3.580084378013417723e+00
3.587793148251242847e+00
3.415238181283746233e+00
3.693599684202983457e+00
3.717124688089608497e+00
3.394407978372028012e+00
3.625490315500513816e+00
3.625427595449340679e+00
3.510595533880139119e+00
3.673615682631696799e+00
3.575370477884534104e+00
3.470403297008219479e+00
3.492793287072438524e+00
3.612386448751961243e+00
3.601358192775777400e+00
3.640823474153216388e+00
3.585612744899826509e+00
3.568845633677452778e+00
3.606742139363555921e+00
3.419318157096225885e+00
3.440625564644945289e+00
3.574995578291110920e+00
3.390544064909594812e+00
3.458378297753038844e+00
3.683276624523236897e+00
3.607212376366894180e+00
3.532462996434537761e+00
3.406851393981030096e+00
3.575041318902910437e+00
3.662433032240431263e+00
3.619445284580974143e+00
3.517433356853642668e+00
3.652524088587121742e+00
3.494138555527977807e+00
3.846059541904796930e+00
3.526475829825873820e+00
3.568261511844559308e+00
3.824857684088756926e+00
3.727042953097097211e+00
3.763926618859864348e+00
3.581315132395849865e+00
3.651289655456688266e+00
3.661823852000885449e+00
3.649625251227941458e+00
3.701342901091944970e+00
3.598680114055144319e+00
3.798499140693177623e+00
3.700137386475954582e+00
3.777753113977167398e+00
3.584998284418409398e+00
3.569694168565157089e+00
3.598799266438885258e+00
3.678649149208667701e+00
3.619526144293697900e+00
3.713074020523497332e+00
3.756778575444731594e+00
3.496454644859151806e+00
3.504688437819785118e+00
3.455473396493156102e+00
3.590154722601628379e+00
3.740008997401208291e+00
3.734959836166841907e+00
3.380060726711732411e+00
3.813189213152277546e+00
3.419531814906087597e+00
3.572684980089866791e+00
3.733742053637700842e+00
3.345856702666396565e+00
3.553190278699274174e+00
3.298440835516239567e+00
3.850383267699327483e+00
3.595295763392096777e+00
3.480657444669924772e+00
3.392051027536040042e+00
3.650975896490912032e+00
3.640064434594315390e+00
3.681229754699702816e+00
3.631496338457480988e+00
3.583487189518039351e+00
3.589458618836315118e+00
3.521305790098423039e+00
3.388467870436302931e+00
3.665107337422150557e+00
3.619406772517006043e+00
3.690935606136590774e+00
3.468797218217874345e+00
3.445390971751881803e+00
3.687186029552856681e+00
3.827513677662391700e+00
3.354913695730973977e+00
3.759825271340756725e+00
3.769739033095528047e+00
3.710172754971819753e+00
3.661031520618237778e+00
3.634295601746879267e+00
3.692295265862104880e+00
3.438592371771859391e+00
3.753665354244755559e+00
3.649986410105726442e+00
3.410261119112379724e+00
3.759211153315277887e+00
3.555421215035494242e+00
3.458374168609923416e+00
3.647995618592456690e+00
3.673341162920143788e+00
3.624960405993989720e+00
3.853679828260762719e+00
3.759609305378182942e+00
3.486709804646694000e+00
3.468704602244589097e+00
3.750381815883197412e+00
3.683851365695539393e+00
3.655144729170427098e+00
3.379761130823385251e+00
3.402680680223421295e+00
3.643822767783487127e+00
3.610945361123579556e+00
3.437298701982272053e+00
3.509204020256485368e+00
3.594464756836783348e+00
3.503778911797099660e+00
3.428203011198124095e+00
3.470067047911086444e+00
3.755796625447502812e+00
3.740533869954652868e+00
3.493474986037304664e+00
3.763864272424453539e+00
3.664218892078073608e+00
3.581843634960977685e+00
3.611321104413581562e+00
3.735531402745859264e+00
3.504574092095326332e+00
3.596747192864745202e+00
3.711897775527621235e+00
3.667411102515337085e+00
3.371950078622563129e+00
3.469356343607379767e+00
3.648873788552708053e+00
3.779427949179702040e+00
3.488615224294619122e+00
3.550823662364655409e+00
3.425644707838016778e+00
3.638826883900574849e+00
3.733791327993164266e+00
3.737908394511911592e+00
3.483740128553621140e+00
3.535309864814090819e+00
3.587208001586822625e+00
3.485586243159606301e+00
3.669494555874796671e+00
3.616562527765317281e+00
3.500117011933074007e+00
3.514507920959136555e+00
3.667628686141942929e+00
3.483202790568251217e+00
3.565028051108106499e+00
3.690966366271360766e+00
3.728940372869507858e+00
3.444672563791792985e+00
3.594474105818593834e+00
3.368024688194009020e+00
3.716058108113672986e+00
3.689093942089731293e+00
3.702872417365009827e+00
3.486879029113972184e+00
3.679624281902462712e+00
3.524685883151850607e+00
3.507409969013983275e+00
3.732178565481037325e+00
3.544685681237585317e+00
3.675034124991268136e+00
3.428730147232285752e+00
3.769058659278518242e+00
3.546341478048682383e+00
3.684516359542013397e+00
3.465415883702342104e+00
3.448085726681167973e+00
3.850564243616220850e+00
3.708277590496701137e+00
3.735857676288195428e+00
3.466982835818977371e+00
3.629037847012008822e+00
3.743800203718188779e+00
3.393244789086161006e+00
3.526364049914821663e+00
3.811528771871913968e+00
3.465762467657198975e+00
3.783551020967017564e+00
3.645057743524516169e+00
3.458332077310930952e+00
3.332286053145406601e+00
3.667056966718990729e+00
