2.458475365483777466e+02
2.467142776500729440e+02
2.477701842533866170e+02
2.480551932510293511e+02
2.490789497750366763e+02
2.487136691554561310e+02
2.490336787331475250e+02
2.487043959133683870e+02
2.486275313972845424e+02
2.487829136280543878e+02
2.482652398206376176e+02
2.489302845754661462e+02
2.484508415037711586e+02
2.484503668493640021e+02
2.485519181508545898e+02
2.487292995987526467e+02
2.476611671801761361e+02
2.478308535954996614e+02
2.486814316388354484e+02
2.480919243432300618e+02
2.475922382516750417e+02
2.479653351464818911e+02
2.481222771336631752e+02
2.478444999113982874e+02
2.479024580207511974e+02
2.482624470195516722e+02
2.478647422108244029e+02
2.486504154074099233e+02
2.479790743163965772e+02
2.480280348242208674e+02
2.481633777125448148e+02
2.482321859965301769e+02
2.478971810987314655e+02
2.482447799408404592e+02
2.487670069892633649e+02
2.482585242079755403e+02
2.483718016823750645e+02
2.485719343991595451e+02
2.483507719444633040e+02
2.483093728540544873e+02
2.481788657215361127e+02
2.481269346760986991e+02
2.482922739090031143e+02
2.485334383236678377e+02
2.485979681051292403e+02
2.482924438375802083e+02
2.478367355249889386e+02
2.482112920548032662e+02
2.484963080896750398e+02
2.480954062852408413e+02
2.478229400623795584e+02
2.479372558673807703e+02
2.483527705768432270e+02
2.482562399097922707e+02
2.479221670776502719e+02
2.479635595672827435e+02
2.480137031247037953e+02
2.478089537442552057e+02
2.479482027213903166e+02
2.478664918667642496e+02
2.482183218891452157e+02
2.481240191488567461e+02
2.479779543346110415e+02
2.477965407738805368e+02
2.481092142818829984e+02
2.480801016902949527e+02
2.477451176634325805e+02
2.481028591346036762e+02
2.483327604424641493e+02
2.480986689534499590e+02
2.480172069592216815e+02
2.474661303034685886e+02
2.478932211407083344e+02
2.472545714725626169e+02
2.478115754684355352e+02
2.477352366268510195e+02
2.479503950633850309e+02
2.476799258142868894e+02
2.481058646700375618e+02
2.478389716511822201e+02
2.478367420906081406e+02
2.481036973827761756e+02
2.476254328172384191e+02
2.471859640286593844e+02
2.476788619333699160e+02
2.477057851351954127e+02
2.480023166726077761e+02
2.477017799553195516e+02
2.478746247581049431e+02
2.476028257926493268e+02
2.479631959859114261e+02
2.474523238789769550e+02
2.477168939626570818e+02
2.477328283518287435e+02
2.479374621449842095e+02
2.478340417610850466e+02
2.475329035625247514e+02
2.480323984203926102e+02
2.480721129113194650e+02
2.479293390406545541e+02
2.484081784021775547e+02
2.484619687755809139e+02
2.480385953925737113e+02
2.482035480062550050e+02
2.477413679380436520e+02
2.481445084289446754e+02
2.485345217895176972e+02
2.482556440311090569e+02
2.485256874814124615e+02
2.484220566662995680e+02
2.478617172704001348e+02
2.478227521356970442e+02
2.484491552627052044e+02
2.486973823226339277e+02
2.484287295139507421e+02
2.480124355821928646e+02
2.484203798409111243e+02
2.481264690731613314e+02
2.484081711371580923e+02
2.484740077823130662e+02
2.486269928157555853e+02
2.481704727090871927e+02
2.485035162435437712e+02
2.484726967595944416e+02
2.484170928136060184e+02
2.482131893365858559e+02
2.484480283764683861e+02
2.480137989745065283e+02
2.487432728095992900e+02
2.483847010238548592e+02
2.483404427840451092e+02
2.480140532698866593e+02
2.488109349558168617e+02
2.481312500745993361e+02
2.487436296255551156e+02
2.483224078985599022e+02
2.483760927515983497e+02
2.480647746106716625e+02
2.484220190652078202e+02
2.485502555189081875e+02
2.484970653325043770e+02
2.484354523978145153e+02
2.486288921715742219e+02
2.485677624563967072e+02
2.487976342750230856e+02
2.481464003442043804e+02
2.484063696627656554e+02
2.487305506840030773e+02
2.487256889004287075e+02
2.486882931148287810e+02
2.482249689751084816e+02
2.487922923361896892e+02
2.488744166777435112e+02
2.490893136269736203e+02
2.484413109233850037e+02
2.486537938005272110e+02
2.486449444251701664e+02
2.487743281240240094e+02
2.489875150694066974e+02
2.486805846613656286e+02
2.484765469967959746e+02
2.488671039128994380e+02
2.488322250168479570e+02
2.486425627971328254e+02
2.487846542793653271e+02
2.484400655043744450e+02
2.488184380991308160e+02
2.483679381113472573e+02
2.485497228763585724e+02
2.486605880797676491e+02
2.490824712581429310e+02
2.482029221957271830e+02
2.486085005775610739e+02
2.489760384420260380e+02
2.487450429728939980e+02
2.487854534459561364e+02
2.491366174827765292e+02
2.481886424435508616e+02
2.487917350435064918e+02
2.488303969492686463e+02
2.484328597276893333e+02
2.490147695181256893e+02
2.487987312145860983e+02
2.483247385538416268e+02
2.486433977765215957e+02
2.485297624704391524e+02
2.488117077704914379e+02
2.488059226601367584e+02
2.488248934550592253e+02
2.490637984841555124e+02
2.490692977847972145e+02
2.489681809557308156e+02
2.491740901043222607e+02
2.489950776692817271e+02
2.486254136150514285e+02
2.487529852664109740e+02
2.488653649691903524e+02
2.490987934164330113e+02
2.487677639455552594e+02
2.486647367533473698e+02
2.490671158969396970e+02
2.491591422768429993e+02
2.491300953590502729e+02
2.487714567155104817e+02
2.490369694902306890e+02
2.490348528903754755e+02
2.487966061007879546e+02
2.488544724705617170e+02
2.488793174147573950e+02
2.487263844499849199e+02
2.488898794423634229e+02
2.491243461604898073e+02
2.492684162503352070e+02
2.494839027760492911e+02
2.495348093448483269e+02
2.490488040263562084e+02
2.491033203086634558e+02
2.492269406568643149e+02
2.490994443191190157e+02
2.491076369129539785e+02
2.494667514076354848e+02
2.489941971324647909e+02
2.495745283657750804e+02
2.489181640577542112e+02
2.493741487685788343e+02
2.496370228847203805e+02
2.496388206026952616e+02
2.492323418174293863e+02
2.489259796703131826e+02
2.491595264407427237e+02
2.495854126661916723e+02
2.493403730123550019e+02
2.490770569590538059e+02
2.495639695756537719e+02
2.491329055125482341e+02
2.492899065338367564e+02
2.492015704818239499e+02
2.496051068162898048e+02
2.493233391982964804e+02
2.491629320596080390e+02
2.494623368072040250e+02
2.492221996699745148e+02
2.492325885570300272e+02
2.495677278794940435e+02
2.489779355000887620e+02
2.488578094654037329e+02
2.494143783715913116e+02
2.492609548203958241e+02
2.493938190551889704e+02
2.492226009085071325e+02
2.494826937952052788e+02
2.495410148608686427e+02
2.492143977920139832e+02
2.493929930591450557e+02
2.490446921378120066e+02
2.492653122500697975e+02
2.490196764898870185e+02
2.485523922532597680e+02
2.495952932544315388e+02
2.494737149389561353e+02
2.494698687047955161e+02
2.492687073471870747e+02
2.494635901529310047e+02
2.494682053264834565e+02
2.495210392278414417e+02
2.493698293278258404e+02
2.497509997655437530e+02
2.493973007829961261e+02
2.489893234479771422e+02
2.492926715715466059e+02
2.492995571922576516e+02
2.491678734147585601e+02
2.488057702919340954e+02
2.494285360645832554e+02
2.495402659989639744e+02
2.485508319601714788e+02
2.495284811624438532e+02
2.493316629354410452e+02
2.495952235355733535e+02
2.495026082554360300e+02
2.493277469757978793e+02
2.493159564911716188e+02
2.489830412966288407e+02
2.492966570772958903e+02
2.495388498967933231e+02
2.493552286390945767e+02
2.492310227670666052e+02
2.495255191834490063e+02
2.497069015712261262e+02
2.492278529237073599e+02
2.490332661248202726e+02
2.493425429869314485e+02
2.493393746362633010e+02
2.493358483575104003e+02
2.491872725328929903e+02
2.491715344789029700e+02
2.493271580699133665e+02
2.492328189556858433e+02
2.495305894468512804e+02
2.498193518357124674e+02
2.494700373673670128e+02
2.495973240387905037e+02
2.489640327078141127e+02
2.494581169689393505e+02
2.496295861678674157e+02
2.494521781391533182e+02
2.495215919251388357e+02
2.498311899916518257e+02
2.492321562686253742e+02
2.490909065167909660e+02
2.495830979727352599e+02
2.493257742488658835e+02
2.490448018681463793e+02
2.498785459681733698e+02
2.495978018750200249e+02
2.496925301764333369e+02
2.492838255067548516e+02
2.496532115044190050e+02
2.495437493061382952e+02
2.495685242733657390e+02
2.496490197828702833e+02
2.495272915321653784e+02
2.489818354694222080e+02
2.493973879442307862e+02
2.491593423819189184e+02
2.495839973419339515e+02
2.496863984628631954e+02
2.495031899548500292e+02
2.492961401207889764e+02
2.495192637676404388e+02
2.498031493001084016e+02
2.493634462639549838e+02
2.496817630903047984e+02
2.494786339768909329e+02
2.493419784506642998e+02
2.495631234644441747e+02
2.497876360806319838e+02
2.494842750940534302e+02
2.494148012587013739e+02
2.495900851070034321e+02
2.495543447333834592e+02
2.494675653694916662e+02
2.497967029577146718e+02
2.495099953066272462e+02
2.496192006130177106e+02
2.494201357489465636e+02
2.495991983418617508e+02
2.495311886556765728e+02
2.494853462442285945e+02
2.496672617526978115e+02
2.498512469626243444e+02
2.493937072386108582e+02
2.499684044033758994e+02
2.490714614934900908e+02
2.498695202123667798e+02
2.497769777789469003e+02
2.497224487039470944e+02
2.491873004674296226e+02
2.495732031238724176e+02
2.494428791318780725e+02
2.494907055137585701e+02
2.498402414498255268e+02
2.498622032007302778e+02
2.498499058037138809e+02
2.497271975961932355e+02
2.494666279726727964e+02
2.498932660552170546e+02
2.501157191523532504e+02
2.499618650389608092e+02
2.496960909472747687e+02
2.496409988989864530e+02
2.496965914546875638e+02
2.496341812999150420e+02
2.498797660599419430e+02
2.497670004289883821e+02
2.498489491285829160e+02
2.499925885357792765e+02
2.497618381163019308e+02
2.497122625387770825e+02
2.496398241221654644e+02
2.496829899936988966e+02
2.494296482481021258e+02
2.498432185787818014e+02
2.496079312564596933e+02
2.495518146116406228e+02
2.498772027856020941e+02
2.497951609786216807e+02
2.502651049024197505e+02
2.495180543054999873e+02
2.496020258150262521e+02
2.496773108835716357e+02
2.496734406661695402e+02
2.501799779938458812e+02
2.499249250930902235e+02
2.495501099355919905e+02
2.497709936727010529e+02
2.496235703550784706e+02
2.491400966208554166e+02
2.498372719479832540e+02
2.498444789624618068e+02
2.493246380818901287e+02
2.500831677887105400e+02
2.498356607833637781e+02
2.499922620693341173e+02
2.496544247743165954e+02
2.496570945847666394e+02
2.502168238048832620e+02
2.497526297177658421e+02
2.497382654179521637e+02
2.498275744471296491e+02
2.500333667485609226e+02
2.496817477801565417e+02
2.497256055529672381e+02
2.500100790534966393e+02
2.499418071021277399e+02
2.497962630664182200e+02
2.494806112147501835e+02
2.498595063356948174e+02
2.497940594039004623e+02
2.496586310869153351e+02
2.497827007901709635e+02
2.498732368536757065e+02
2.496387808758302072e+02
2.496765408887180797e+02
2.500446921961177793e+02
2.501011712325332326e+02
2.498868814385062080e+02
2.498567088037013946e+02
2.494322570145904763e+02
2.496575063409277391e+02
2.502432097555057453e+02
2.500492552172011642e+02
2.502962490836490588e+02
2.496855890038986558e+02
2.497948403178646686e+02
2.499394318999257507e+02
2.501708738633845144e+02
2.499754680212871563e+02
2.501508305798368497e+02
2.499019227408731183e+02
2.503546606157426027e+02
2.501076715477495043e+02
2.500360786828511834e+02
2.495978138917135709e+02
2.497424741245461917e+02
2.500803821734119765e+02
2.495953270224050868e+02
2.495785078592695356e+02
2.499604631680873297e+02
2.502007799254286340e+02
2.499330847320950681e+02
2.499574239971040015e+02
2.501855080649088450e+02
2.496395216230609435e+02
2.496800922175662549e+02
2.501414911513501806e+02
2.499231879596111696e+02
2.496317763270835428e+02
2.501036639574499247e+02
2.498137360178766357e+02
2.499572499232635607e+02
2.497284251622044451e+02
2.499953014946259486e+02
2.501680325210822673e+02
2.495027217900539824e+02
2.495471116466603121e+02
2.499392159054939100e+02
2.497279994527716553e+02
2.497361128250228148e+02
2.496629845549101674e+02
2.497334283836404722e+02
2.499220269624471200e+02
2.501192605572613274e+02
2.504006522100040684e+02
2.500934038929556209e+02
2.495266449341902728e+02
2.500310764769045591e+02
2.497835093034818499e+02
2.497426850467423662e+02
2.499051807569518644e+02
2.497008927721655596e+02
2.504964161496433519e+02
2.499765415676499174e+02
2.497816498946257298e+02
2.501276465599593450e+02
2.497609138715887696e+02
2.500827860905123430e+02
2.497721518303881965e+02
2.501337542021890101e+02
2.497489696163637234e+02
2.500981757284859555e+02
2.500240614115816982e+02
2.495973089454926139e+02
2.498775482921193429e+02
2.496077601744573258e+02
2.499975027293088772e+02
2.500427477726131826e+02
2.496478073719688666e+02
2.503245485125571577e+02
2.500487284217338413e+02
