5.878490287836597190e+02
5.899020359758978884e+02
5.906437106650080295e+02
5.915581489303552871e+02
5.918937129510038631e+02
5.923920252620938527e+02
5.929962734432423304e+02
5.930164961172572475e+02
5.930046325151935207e+02
5.934525042394514003e+02
5.934579042345475273e+02
5.938018827985102917e+02
5.937583795836304716e+02
5.936569004129519271e+02
5.937598628802434177e+02
5.941152283353557095e+02
5.935898008917266679e+02
5.937062010651746959e+02
5.943593853041309103e+02
5.939620878251379281e+02
5.942510343969377118e+02
5.938179531552763137e+02
5.946992833968050718e+02
5.946607269126430992e+02
5.944503594300445002e+02
5.947561236268919629e+02
5.949031900634278145e+02
5.947351433716206657e+02
5.943984616337234002e+02
5.945486718617870565e+02
5.954643354518868819e+02
5.953871266177534380e+02
5.956014336478465339e+02
5.949537247374597655e+02
5.951723313014688301e+02
5.955827796034451467e+02
5.950013863746420384e+02
5.954670529587035617e+02
5.951814083610109947e+02
5.956964697135584856e+02
5.953553280276828445e+02
5.953670734219139149e+02
5.949118261265256251e+02
5.957163564764812236e+02
5.945814579643681554e+02
5.950337020854267394e+02
5.947238403832380982e+02
5.954819385348881724e+02
5.950929097925981068e+02
5.951420871962059209e+02
5.953917970484744728e+02
5.950554947644013737e+02
5.951870885601086911e+02
5.956975237076705980e+02
5.958197670904977485e+02
5.950102812829926506e+02
5.947180833641442632e+02
5.944948438514427380e+02
5.946625751370850139e+02
5.953960942963045682e+02
5.944467651143703506e+02
5.953552234675219097e+02
5.949395866980685241e+02
5.946373326556242773e+02
5.948476638511530155e+02
5.956722297876301582e+02
5.951884109265350844e+02
5.952583071016520080e+02
5.947730729185919927e+02
5.947254710475646107e+02
5.946920022289891676e+02
5.956873456715417205e+02
5.950438654454632115e+02
5.955053761092011655e+02
5.950971763803352133e+02
5.947140057839411611e+02
5.948092822057201374e+02
5.953253208920414181e+02
5.951073011206578940e+02
5.952552563483454833e+02
5.949115062020064215e+02
5.952500474949025602e+02
5.952601927186692592e+02
5.959916526349275046e+02
5.958820943044734122e+02
5.953095115578443028e+02
5.958439940171774651e+02
5.957551709767960801e+02
5.957004457514373144e+02
5.959334484204057389e+02
5.955112531488794048e+02
5.964382264288907436e+02
5.957995470829711167e+02
5.961273011271113091e+02
5.956429549960720351e+02
5.956169636405237497e+02
5.955531787841983942e+02
5.960851615318771337e+02
5.962558924238795726e+02
5.962158550215959849e+02
5.964073378725433940e+02
5.962838830468143669e+02
5.959951364137585870e+02
5.949942651091510015e+02
5.960045174602045108e+02
5.955634337052532601e+02
5.957478003654189251e+02
5.950884479076028128e+02
5.953809608240278521e+02
5.964158403127013344e+02
5.950726183942807666e+02
5.954132823114925941e+02
5.953557315893706345e+02
5.953037835476543478e+02
5.952992158598294736e+02
5.961346709936125308e+02
5.958508179924372143e+02
5.962290723690891809e+02
5.965421329750154200e+02
5.954543591651510042e+02
5.966594659026333147e+02
5.957570760509530601e+02
5.964689488879469081e+02
5.963436590083050532e+02
5.964480212666892385e+02
5.963550647022235580e+02
5.956222462927764809e+02
5.958065091820301404e+02
5.965007453963329453e+02
5.954448713639430935e+02
5.963276946316010481e+02
5.961681982013822108e+02
5.964123952573339693e+02
5.962440730265385582e+02
5.964662857839938397e+02
5.964586224893669169e+02
5.967891631955181992e+02
5.956217497594848282e+02
5.966972439410444622e+02
5.964394180134916041e+02
5.966928307469964921e+02
5.966520668170169301e+02
5.967139352316141867e+02
5.959712707957787643e+02
5.956253319828406347e+02
5.964782247491669978e+02
5.962256448463119796e+02
5.961597035920151484e+02
5.970721476663277372e+02
5.959924886336146983e+02
5.964475490718257333e+02
5.961731592611070027e+02
5.964847911190696550e+02
5.964180181995428711e+02
5.966817260108470009e+02
5.969197414653884834e+02
5.968221781767739458e+02
5.965503155045121275e+02
5.969421179703014104e+02
5.968755884486859031e+02
5.967647148038494151e+02
5.963274631757096813e+02
5.970013902272939958e+02
5.961559589285883476e+02
5.962736507174922735e+02
5.966207443446435263e+02
5.969071228576801786e+02
5.967767983967164582e+02
5.965216242898191013e+02
5.959171505261774655e+02
5.955979815086303688e+02
5.969998641477211549e+02
5.965148645763857758e+02
5.968042420614712000e+02
5.966572860776220750e+02
5.973648373378952101e+02
5.965442806331557222e+02
5.971600256029543061e+02
5.962614718237082343e+02
5.962070223542373242e+02
5.968278365990439625e+02
5.973938763539433694e+02
5.964840592740190459e+02
5.963672616879719044e+02
5.968618787031700776e+02
5.968445389729799899e+02
5.971150749003039664e+02
5.963111845186822393e+02
5.968996486948916527e+02
5.961314612310507073e+02
5.965972446699541933e+02
5.965699120568710896e+02
5.967513151262608062e+02
5.963968463840380991e+02
5.963522997912233450e+02
5.970971117326456579e+02
5.962818952635907408e+02
5.972253883793348450e+02
5.959629302884692379e+02
5.973233146634341892e+02
5.963401885135666589e+02
5.966812335473314306e+02
5.966866439556913519e+02
5.974256337843814890e+02
5.972737573115873602e+02
5.966755242902495411e+02
5.971239872916077047e+02
5.959761191231953035e+02
5.964556483410350438e+02
5.960476403670388663e+02
5.969422729031678045e+02
5.962662865946672355e+02
5.961977109974216091e+02
5.968784423731111701e+02
5.970396410615923060e+02
5.971759868907226974e+02
5.963829305565391223e+02
5.972899832990217419e+02
5.970712912318959980e+02
5.960455513206935620e+02
5.967859217032427068e+02
5.962921574617374745e+02
5.969507735527658951e+02
5.961829786394183657e+02
5.969391375154600610e+02
5.959837532997743210e+02
5.964059648634108726e+02
5.972585122810704661e+02
5.971728593426897760e+02
5.960891876095251973e+02
5.970611852269023530e+02
5.962341266687049028e+02
5.969446107541729134e+02
5.962962068597984171e+02
5.966066240719660527e+02
5.969124589126848832e+02
5.960520584855798916e+02
5.961833352904720869e+02
5.972394731583646035e+02
5.962147152752330612e+02
5.969703456435040607e+02
5.960476024110118942e+02
5.962548353882378933e+02
5.971713912504378641e+02
5.962479203390821567e+02
5.968249908980036480e+02
5.968362472938779320e+02
5.965577095459781276e+02
5.962798246054109086e+02
5.969914038891286054e+02
5.969536052206613022e+02
5.971245165113423354e+02
5.966047047122108324e+02
5.966398773659417429e+02
5.967547861994173672e+02
5.974631410964624365e+02
5.958924269444901256e+02
5.974843463054135100e+02
5.971136455989278602e+02
5.965605333212888581e+02
5.968701774758449119e+02
5.965435113392879884e+02
5.969703797663443083e+02
5.970738499715755552e+02
5.962155915843592311e+02
5.962957447000809452e+02
5.963440786125845534e+02
5.967384110289234513e+02
5.968184161817333688e+02
5.966170264083413031e+02
5.967172602255789116e+02
5.971030903352835821e+02
5.973375546412643189e+02
5.971054888678996804e+02
5.972850494049951067e+02
5.969453434380928911e+02
5.964453422269353950e+02
5.961415159569548905e+02
5.965135205634612703e+02
5.966597465094707786e+02
5.963042458505434524e+02
5.959609866520781907e+02
5.966484004708506745e+02
5.969776231680212959e+02
5.963676724761406831e+02
5.964517813372773389e+02
5.975677984891445931e+02
5.974489929388117844e+02
5.974570806203354323e+02
5.969276410306208618e+02
5.977111319422618863e+02
5.972170330030887726e+02
5.974927345641181091e+02
5.975457462208413517e+02
5.971514209071443702e+02
5.963389034168434364e+02
5.968346616052772333e+02
5.960027671939636775e+02
5.969183930615304234e+02
5.965667948618031460e+02
5.970590237105056985e+02
5.973408855986896242e+02
5.973241596542690104e+02
5.965782922055533390e+02
5.973275794065158379e+02
5.977054236962549112e+02
5.972276218961998211e+02
5.968059872673294421e+02
5.977819000228389541e+02
5.967907724899179129e+02
5.967028963102136458e+02
5.971105645319977384e+02
5.968860786889343899e+02
5.971310768098840072e+02
5.973708292837386580e+02
5.969986512555093441e+02
5.979551660949325651e+02
5.976878961995112149e+02
5.964764395593859945e+02
5.969035273400839969e+02
5.971654093959984948e+02
5.980339592029022242e+02
5.978278057628192528e+02
5.975794975152123243e+02
5.976871701618032375e+02
5.978249371005211970e+02
5.965959629263228408e+02
5.971054113018012686e+02
5.977473444109132288e+02
5.966495693843783101e+02
5.970716952003919005e+02
5.974196371407286961e+02
5.972173409065588885e+02
5.970405665315922761e+02
5.970989595847486271e+02
5.970171915565533709e+02
5.978071886569005073e+02
5.973420606338353309e+02
5.964022875926070810e+02
5.975453399130341268e+02
5.975379743132541535e+02
5.971944239183320633e+02
5.966777350304050742e+02
5.972377396660295972e+02
5.976096260058230882e+02
5.971446483477567426e+02
5.975133734893756809e+02
5.969164975084113394e+02
5.973636918607257940e+02
5.972556790706727270e+02
5.975784979916077191e+02
5.972654453314441980e+02
5.972661080605464576e+02
5.976419344992598326e+02
5.977440240660132531e+02
5.973974889910678030e+02
5.972850988309530749e+02
5.977595350032844408e+02
5.976639913700715852e+02
5.975916658394847900e+02
5.969884653243775574e+02
5.976938817056046673e+02
5.976671378812346802e+02
5.966301150195915852e+02
5.974816962192567189e+02
5.974436040389612117e+02
5.978373842112516741e+02
5.977035048795346484e+02
5.973018187746750982e+02
5.975784280120030871e+02
5.977354351931855945e+02
5.979501072154221220e+02
5.973049193515014395e+02
5.978216538220974599e+02
5.974898454826546867e+02
5.978008495750833617e+02
5.977596522852079488e+02
5.976134627977399987e+02
5.976063620103539051e+02
5.970253909240612984e+02
5.972584911713095153e+02
5.978738621494569543e+02
5.977939842359189697e+02
5.979536866439825644e+02
5.975005769326267000e+02
5.976890674934662684e+02
5.977764217684433561e+02
5.968982605821130392e+02
5.970844904801959956e+02
5.978426267532396423e+02
5.970715637671236209e+02
5.978332927168552260e+02
5.976040441294035190e+02
5.975499496463158948e+02
5.976643519001589766e+02
5.972384413266192951e+02
5.973598334291885976e+02
5.977646593471088181e+02
5.982869651959794055e+02
5.977362130341859938e+02
5.972888907659504412e+02
5.978689396977204069e+02
5.975722777920436783e+02
5.975002833671309190e+02
5.975094279627745664e+02
5.970678160280540396e+02
5.978970501185211788e+02
5.979207240830354522e+02
5.975656185268484251e+02
5.977988217848860586e+02
5.981545759408446656e+02
5.976657422426517314e+02
5.981766419251124489e+02
5.982366957722748566e+02
5.980064306313047382e+02
5.967739300780102667e+02
5.976814541757482857e+02
5.980935562166129102e+02
5.979802483512100935e+02
5.981668816097202352e+02
5.978569577626317368e+02
5.981835881507025761e+02
5.985562945368083092e+02
5.973115767624171895e+02
5.980271557191151715e+02
5.977734182619641388e+02
5.983186645309541518e+02
5.979668957299633121e+02
5.979654638964240121e+02
5.980083795401028510e+02
5.980149855767068630e+02
5.980420519718330752e+02
5.973288033448468468e+02
5.981215762926967727e+02
5.982296466753190316e+02
5.983556750469590497e+02
5.983553448019741836e+02
5.983967709683671501e+02
5.973550868859813363e+02
5.982362259765736781e+02
5.980129748649110297e+02
5.979275033576641363e+02
5.979228662509799506e+02
5.981851106087361813e+02
5.980258683187960287e+02
5.975674300440573461e+02
5.974747933864341576e+02
5.977498692932157383e+02
5.976855542920591233e+02
5.981165922345452373e+02
5.974740592971805881e+02
5.984843030500172745e+02
5.979232883117732626e+02
5.976161259321094121e+02
5.979080735996475369e+02
5.975767468608246418e+02
5.982938496031946443e+02
5.983902281068151296e+02
5.977411542058592886e+02
5.974291864860118721e+02
5.982710563568973612e+02
5.975889801397595420e+02
5.972894409938803619e+02
5.982574602730517199e+02
5.982335786697981348e+02
5.978833038460240914e+02
5.978733268152222990e+02
5.981353635550620993e+02
5.984426265930854925e+02
5.987460304742668313e+02
5.981229929644255208e+02
5.977960846293694885e+02
5.981217704526478656e+02
5.978931351587043537e+02
5.975613693598846794e+02
5.979999495253163104e+02
5.974416924892764200e+02
5.988208233382378012e+02
5.974379293372214761e+02
5.983878327985504484e+02
5.980671813720420005e+02
5.985813299769966989e+02
5.980194401192959504e+02
5.980520814696606067e+02
5.983665093690179901e+02
5.985514788512047062e+02
5.977424556049189732e+02
5.980029559089874738e+02
5.983089350262384869e+02
5.980208096138730980e+02
5.983600387181281803e+02
5.988060945173139089e+02
5.986281777933411377e+02
5.980863619406128464e+02
5.978196199760712943e+02
5.984362634079697045e+02
5.981978706997696236e+02
5.983026964233207536e+02
5.982266526742143924e+02
5.984535437568288216e+02
