1.510283424790178799e+02
1.505180803479607903e+02
1.502726487786941902e+02
1.500659004497284172e+02
1.500667043382957502e+02
1.500342017184907206e+02
1.499604206727466362e+02
1.497932316793449843e+02
1.496571843067648331e+02
1.496468138300629107e+02
1.497060804338025264e+02
1.494810893094956725e+02
1.493517622239415914e+02
1.492742991673726181e+02
1.492420240086933063e+02
1.491227100533972134e+02
1.491478498735362166e+02
1.490832108985561888e+02
1.491052100870356867e+02
1.490694686451474524e+02
1.490496929268090298e+02
1.490433863913259813e+02
1.490444984525435075e+02
1.490878949450185758e+02
1.489807472993615534e+02
1.489488557412506395e+02
1.488651962560801962e+02
1.489189983814104039e+02
1.489311126597544330e+02
1.489088847771617736e+02
1.488644458035059586e+02
1.488088392521264041e+02
1.488534420465624635e+02
1.487652792389337151e+02
1.488033108779843872e+02
1.486995990195906359e+02
1.487034818634372471e+02
1.487614165487783850e+02
1.488029785408450891e+02
1.488220219805745330e+02
1.487681887018974862e+02
1.487510683495205512e+02
1.488503822607715392e+02
1.488428377501451791e+02
1.488557458319599505e+02
1.488365728997428903e+02
1.487999694811383620e+02
1.487916867293835423e+02
1.487865485969940380e+02
1.487958614212635382e+02
1.487624854095860201e+02
1.487288237995647933e+02
1.487481308632082744e+02
1.486417889234159873e+02
1.487383446138306624e+02
1.487348748627308055e+02
1.487223828268608656e+02
1.487540089901447402e+02
1.487074572456803878e+02
1.487175636965405374e+02
1.487513446034224671e+02
1.487011149234170659e+02
1.487832385514823557e+02
1.487864963254673683e+02
1.488093184007474576e+02
1.488641412257925367e+02
1.488088894279885039e+02
1.487644924864270592e+02
1.488067837824335697e+02
1.488592952398511216e+02
1.489249643876404718e+02
1.488650580644508068e+02
1.488521948853741037e+02
1.488376323445443461e+02
1.488672783611480099e+02
1.488414975408038003e+02
1.488181775801520530e+02
1.488235788256150727e+02
1.487844411289325706e+02
1.487901117386848284e+02
1.488161364489252207e+02
1.487858459553239641e+02
1.488046816417648017e+02
1.487640986521583955e+02
1.488093399188052786e+02
1.488460803318206729e+02
1.488332615088490058e+02
1.488845825404422669e+02
1.488631759423078051e+02
1.488510977288183312e+02
1.488128228758351668e+02
1.488820297152796854e+02
1.488254641633541269e+02
1.487878457720590575e+02
1.488188810064880556e+02
1.488304520221942369e+02
1.487728738255353846e+02
1.488188809011060982e+02
1.488737839560453722e+02
1.488400489799198283e+02
1.487709185536743917e+02
1.488422816049741186e+02
1.488261503573310449e+02
1.489046129430717826e+02
1.489038473923939989e+02
1.489039767650039039e+02
1.489042982434134501e+02
1.489278898602777588e+02
1.489179430756974511e+02
1.488722048039779793e+02
1.489175979827705021e+02
1.488746360078468740e+02
1.488872816766144069e+02
1.489235309489282031e+02
1.488929157114582154e+02
1.488650337017028278e+02
1.488736757121450580e+02
1.488852355455680652e+02
1.488727365488708756e+02
1.488882701563287014e+02
1.488751613519535510e+02
1.487792761699005268e+02
1.489291579187263608e+02
1.488851518178935862e+02
1.489378949030635795e+02
1.488836684486299191e+02
1.489328933915151936e+02
1.489052058845535669e+02
1.489467904015876627e+02
1.489269243329831909e+02
1.489097289416749845e+02
1.489194612275379654e+02
1.489132485169173776e+02
1.489486986666003929e+02
1.489116391808299511e+02
1.488925154343644977e+02
1.489202424487843075e+02
1.489085214675952216e+02
1.488888109440746348e+02
1.489083736102020339e+02
1.488749200456210531e+02
1.489442815707133718e+02
1.489175037058185183e+02
1.489574102158090056e+02
1.489671981956703348e+02
1.489703229103635067e+02
1.489216820038035394e+02
1.489335398719626937e+02
1.489249222564455977e+02
1.489616173782867179e+02
1.489328870642528670e+02
1.489080450183097071e+02
1.489779130006776882e+02
1.489479123676146912e+02
1.489799477036752364e+02
1.489813033051816262e+02
1.489157261914234311e+02
1.489618384341388833e+02
1.489403130862067428e+02
1.489440008552797110e+02
1.489176013681060908e+02
1.489432253964729682e+02
1.489276374713592759e+02
1.489820595520216671e+02
1.490365138250474217e+02
1.490335074610614754e+02
1.490186223847533995e+02
1.489993252677729743e+02
1.490438325461512079e+02
1.490265582360084409e+02
1.489879164966090741e+02
1.490492235892503459e+02
1.490450020812838545e+02
1.490197732476147792e+02
1.490707366101326272e+02
1.491348253519250875e+02
1.490878253901684332e+02
1.490821075927473487e+02
1.490821068665547386e+02
1.490635541140305236e+02
1.490634856270113460e+02
1.490624982874047646e+02
1.490726597066939121e+02
1.490963202624445216e+02
1.491054762483877312e+02
1.490995316525306293e+02
1.491502012375689503e+02
1.490967905823905824e+02
1.490844635863447820e+02
1.490851332530198476e+02
1.490581372399953182e+02
1.490650786005864461e+02
1.490685590726289149e+02
1.490634680805011385e+02
1.490549239325595750e+02
1.491090691864826852e+02
1.491404914320098385e+02
1.491487149889422028e+02
1.491484774157251252e+02
1.490950568253166182e+02
1.491207472739040441e+02
1.491531733298837139e+02
1.491337675688284889e+02
1.491178939179702638e+02
1.491147557033029614e+02
1.491617429104739188e+02
1.491701164070486811e+02
1.491028203486588097e+02
1.491249195169866653e+02
1.491337460056597308e+02
1.491396449019347870e+02
1.490922784851667302e+02
1.490781213133500955e+02
1.491139284329643147e+02
1.491115046594307216e+02
1.491074278636049257e+02
1.491729705423715586e+02
1.492426571087326295e+02
1.491627528257832580e+02
1.491431531656282061e+02
1.491496337705625308e+02
1.491903909597490383e+02
1.491615310620499315e+02
1.491221158435773191e+02
1.491457957731749673e+02
1.491900255530269419e+02
1.491814683731203672e+02
1.492323904627977527e+02
1.491912966625130537e+02
1.491611639446929871e+02
1.491674336609827094e+02
1.491348071839699116e+02
1.491581027828317190e+02
1.491245653274732490e+02
1.491530987608605017e+02
1.492121962980992862e+02
1.491053317620199152e+02
1.491464287906054835e+02
1.492050468050571510e+02
1.491991448488966228e+02
1.491824455920625496e+02
1.492592579596496591e+02
1.492395361733314871e+02
1.492425248115712009e+02
1.492464557184458158e+02
1.492675817621872909e+02
1.492146937566386384e+02
1.491366856559652376e+02
1.491534345551816045e+02
1.491889114476105931e+02
1.492057226769184979e+02
1.492113043126078082e+02
1.492227926312428679e+02
1.491897390624657476e+02
1.491757299089535422e+02
1.491945498581551419e+02
1.492284676775962851e+02
1.492271945825314958e+02
1.492682143072750023e+02
1.492227820100549707e+02
1.492086545094018959e+02
1.492360183960621498e+02
1.492466317112664740e+02
1.492066949750993103e+02
1.492323885631066673e+02
1.492424414558889509e+02
1.492176344727103015e+02
1.492135085038869136e+02
1.492331058442755420e+02
1.492593367049301492e+02
1.492036154072176828e+02
1.492547211345917333e+02
1.492646087584838597e+02
1.492455509621102863e+02
1.492481478247029827e+02
1.492790393992691520e+02
1.493012278160262269e+02
0.000000000000000000e+00
0.000000000000000000e+00
0.000000000000000000e+00
0.000000000000000000e+00
0.000000000000000000e+00
0.000000000000000000e+00
0.000000000000000000e+00
0.000000000000000000e+00
0.000000000000000000e+00
0.000000000000000000e+00
0.000000000000000000e+00
0.000000000000000000e+00
0.000000000000000000e+00
0.000000000000000000e+00
0.000000000000000000e+00
0.000000000000000000e+00
0.000000000000000000e+00
0.000000000000000000e+00
0.000000000000000000e+00
0.000000000000000000e+00
0.000000000000000000e+00
0.000000000000000000e+00
0.000000000000000000e+00
0.000000000000000000e+00
0.000000000000000000e+00
0.000000000000000000e+00
0.000000000000000000e+00
0.000000000000000000e+00
0.000000000000000000e+00
0.000000000000000000e+00
0.000000000000000000e+00
0.000000000000000000e+00
0.000000000000000000e+00
0.000000000000000000e+00
0.000000000000000000e+00
0.000000000000000000e+00
0.000000000000000000e+00
0.000000000000000000e+00
0.000000000000000000e+00
0.000000000000000000e+00
0.000000000000000000e+00
0.000000000000000000e+00
0.000000000000000000e+00
0.000000000000000000e+00
0.000000000000000000e+00
0.000000000000000000e+00
0.000000000000000000e+00
0.000000000000000000e+00
0.000000000000000000e+00
0.000000000000000000e+00
0.000000000000000000e+00
0.000000000000000000e+00
0.000000000000000000e+00
0.000000000000000000e+00
0.000000000000000000e+00
0.000000000000000000e+00
0.000000000000000000e+00
0.000000000000000000e+00
0.000000000000000000e+00
0.000000000000000000e+00
0.000000000000000000e+00
0.000000000000000000e+00
0.000000000000000000e+00
0.000000000000000000e+00
0.000000000000000000e+00
0.000000000000000000e+00
0.000000000000000000e+00
0.000000000000000000e+00
0.000000000000000000e+00
0.000000000000000000e+00
0.000000000000000000e+00
0.000000000000000000e+00
0.000000000000000000e+00
0.000000000000000000e+00
0.000000000000000000e+00
0.000000000000000000e+00
0.000000000000000000e+00
0.000000000000000000e+00
0.000000000000000000e+00
0.000000000000000000e+00
0.000000000000000000e+00
0.000000000000000000e+00
0.000000000000000000e+00
0.000000000000000000e+00
0.000000000000000000e+00
0.000000000000000000e+00
0.000000000000000000e+00
0.000000000000000000e+00
0.000000000000000000e+00
0.000000000000000000e+00
0.000000000000000000e+00
0.000000000000000000e+00
0.000000000000000000e+00
0.000000000000000000e+00
0.000000000000000000e+00
0.000000000000000000e+00
0.000000000000000000e+00
0.000000000000000000e+00
0.000000000000000000e+00
0.000000000000000000e+00
0.000000000000000000e+00
0.000000000000000000e+00
0.000000000000000000e+00
0.000000000000000000e+00
0.000000000000000000e+00
0.000000000000000000e+00
0.000000000000000000e+00
0.000000000000000000e+00
0.000000000000000000e+00
0.000000000000000000e+00
0.000000000000000000e+00
0.000000000000000000e+00
0.000000000000000000e+00
0.000000000000000000e+00
0.000000000000000000e+00
0.000000000000000000e+00
0.000000000000000000e+00
0.000000000000000000e+00
0.000000000000000000e+00
0.000000000000000000e+00
0.000000000000000000e+00
0.000000000000000000e+00
0.000000000000000000e+00
0.000000000000000000e+00
0.000000000000000000e+00
0.000000000000000000e+00
0.000000000000000000e+00
0.000000000000000000e+00
0.000000000000000000e+00
0.000000000000000000e+00
0.000000000000000000e+00
0.000000000000000000e+00
0.000000000000000000e+00
0.000000000000000000e+00
0.000000000000000000e+00
0.000000000000000000e+00
0.000000000000000000e+00
0.000000000000000000e+00
0.000000000000000000e+00
0.000000000000000000e+00
0.000000000000000000e+00
0.000000000000000000e+00
0.000000000000000000e+00
0.000000000000000000e+00
0.000000000000000000e+00
0.000000000000000000e+00
0.000000000000000000e+00
0.000000000000000000e+00
0.000000000000000000e+00
0.000000000000000000e+00
0.000000000000000000e+00
0.000000000000000000e+00
0.000000000000000000e+00
0.000000000000000000e+00
0.000000000000000000e+00
0.000000000000000000e+00
0.000000000000000000e+00
0.000000000000000000e+00
0.000000000000000000e+00
0.000000000000000000e+00
0.000000000000000000e+00
0.000000000000000000e+00
0.000000000000000000e+00
0.000000000000000000e+00
0.000000000000000000e+00
0.000000000000000000e+00
0.000000000000000000e+00
0.000000000000000000e+00
0.000000000000000000e+00
0.000000000000000000e+00
0.000000000000000000e+00
0.000000000000000000e+00
0.000000000000000000e+00
0.000000000000000000e+00
0.000000000000000000e+00
0.000000000000000000e+00
0.000000000000000000e+00
0.000000000000000000e+00
0.000000000000000000e+00
0.000000000000000000e+00
0.000000000000000000e+00
0.000000000000000000e+00
0.000000000000000000e+00
0.000000000000000000e+00
0.000000000000000000e+00
0.000000000000000000e+00
0.000000000000000000e+00
0.000000000000000000e+00
0.000000000000000000e+00
0.000000000000000000e+00
0.000000000000000000e+00
0.000000000000000000e+00
0.000000000000000000e+00
0.000000000000000000e+00
0.000000000000000000e+00
0.000000000000000000e+00
0.000000000000000000e+00
0.000000000000000000e+00
0.000000000000000000e+00
0.000000000000000000e+00
0.000000000000000000e+00
0.000000000000000000e+00
0.000000000000000000e+00
0.000000000000000000e+00
0.000000000000000000e+00
0.000000000000000000e+00
0.000000000000000000e+00
0.000000000000000000e+00
0.000000000000000000e+00
0.000000000000000000e+00
0.000000000000000000e+00
0.000000000000000000e+00
0.000000000000000000e+00
0.000000000000000000e+00
0.000000000000000000e+00
0.000000000000000000e+00
0.000000000000000000e+00
0.000000000000000000e+00
0.000000000000000000e+00
0.000000000000000000e+00
0.000000000000000000e+00
0.000000000000000000e+00
0.000000000000000000e+00
